
ITERATION NUMBER: 1
============================================
             precision    recall  f1-score   support

          1      0.880     0.895     0.887       400
          2      0.889     0.838     0.862       400
          3      0.950     0.998     0.973       400
          4      0.912     0.902     0.907       400

avg / total      0.907     0.908     0.907      1600
             precision    recall  f1-score   support

          1      0.869     0.892     0.880       400
          2      0.885     0.863     0.873       400
          3      0.975     0.993     0.984       400
          4      0.898     0.880     0.889       400

avg / total      0.907     0.907     0.907      1600
             precision    recall  f1-score   support

          1      0.837     0.870     0.853       400
          2      0.848     0.825     0.837       400
          3      0.945     0.990     0.967       400
          4      0.912     0.858     0.884       400

avg / total      0.886     0.886     0.885      1600

Time: 1113.8300469842457
ITERATION NUMBER: 2
============================================
             precision    recall  f1-score   support

          1      0.873     0.875     0.874       400
          2      0.877     0.820     0.848       400
          3      0.939     0.995     0.966       400
          4      0.905     0.907     0.906       400

avg / total      0.898     0.899     0.898      1600
             precision    recall  f1-score   support

          1      0.875     0.820     0.846       400
          2      0.820     0.807     0.814       400
          3      0.939     0.993     0.965       400
          4      0.868     0.885     0.876       400

avg / total      0.875     0.876     0.875      1600
             precision    recall  f1-score   support

          1      0.837     0.873     0.854       400
          2      0.856     0.860     0.858       400
          3      0.968     0.980     0.974       400
          4      0.915     0.860     0.887       400

avg / total      0.894     0.893     0.893      1600

Time: 1327.9378591237062
ITERATION NUMBER: 3
============================================
             precision    recall  f1-score   support

          1      0.847     0.900     0.873       400
          2      0.902     0.850     0.875       400
          3      0.968     0.998     0.983       400
          4      0.920     0.887     0.903       400

avg / total      0.909     0.909     0.908      1600
             precision    recall  f1-score   support

          1      0.868     0.905     0.886       400
          2      0.884     0.855     0.869       400
          3      0.973     0.995     0.984       400
          4      0.899     0.870     0.884       400

avg / total      0.906     0.906     0.906      1600
             precision    recall  f1-score   support

          1      0.839     0.873     0.855       400
          2      0.859     0.850     0.854       400
          3      0.950     0.990     0.969       400
          4      0.922     0.855     0.887       400

avg / total      0.892     0.892     0.892      1600

Time: 1263.9847527700035