
ITERATION NUMBER: 1
============================================
             precision    recall  f1-score   support

          1      0.734     0.530     0.615       400
          2      0.510     0.497     0.504       400
          3      0.789     0.970     0.870       400
          4      0.597     0.640     0.618       400

avg / total      0.657     0.659     0.652      1600

   IFA  Accuracy
1  1.0    0.5300
2  1.0    0.4975
3  1.0    0.9700
4  2.0    0.6400
Time: 14.185212632377642

ITERATION NUMBER: 2
============================================
             precision    recall  f1-score   support

          1      0.737     0.532     0.618       400
          2      0.513     0.495     0.504       400
          3      0.785     0.970     0.868       400
          4      0.601     0.647     0.623       400

avg / total      0.659     0.661     0.653      1600

   IFA  Accuracy
1  1.0    0.5325
2  1.0    0.4950
3  1.0    0.9700
4  2.0    0.6475
Time: 14.040380050027807

ITERATION NUMBER: 3
============================================
             precision    recall  f1-score   support

          1      0.731     0.537     0.620       400
          2      0.510     0.495     0.503       400
          3      0.790     0.970     0.871       400
          4      0.597     0.637     0.617       400

avg / total      0.657     0.660     0.652      1600

   IFA  Accuracy
1  1.0    0.5375
2  1.0    0.4950
3  1.0    0.9700
4  2.0    0.6375
Time: 13.645068282165994

ITERATION NUMBER: 1
============================================
             precision    recall  f1-score   support

          1      0.734     0.530     0.615       400
          2      0.510     0.497     0.504       400
          3      0.789     0.970     0.870       400
          4      0.597     0.640     0.618       400

avg / total      0.657     0.659     0.652      1600

   IFA  Accuracy
1  1.0    0.5300
2  1.0    0.4975
3  1.0    0.9700
4  2.0    0.6400
Time: 15.049303022195417

ITERATION NUMBER: 1
============================================
             precision    recall  f1-score   support

          1      0.734     0.530     0.615       400
          2      0.510     0.497     0.504       400
          3      0.789     0.970     0.870       400
          4      0.597     0.640     0.618       400

avg / total      0.657     0.659     0.652      1600

   IFA  Accuracy
1  1.0    0.5300
2  1.0    0.4975
3  1.0    0.9700
4  2.0    0.6400
Time: 13.070067255845423
