
ITERATION NUMBER: 1
============================================
                       precision         recall       f1-score        support

       Duplicate    0.869(0.898)   0.892(0.898)   0.880(0.898)            400
          Direct    0.885(0.758)   0.838(0.903)   0.862(0.824)            400
        Indirect     0.950(0.84)   0.993(0.773)   0.973(0.805)            400
        Isolated     0.912(0.89)   0.880(0.793)   0.889(0.849)            400

     avg / total    0.904(0.847)   0.901(0.842)   0.901(0.841)           1600

ITERATION NUMBER: 2
============================================
                       precision         recall       f1-score        support

       Duplicate    0.871(0.898)   0.874(0.898)   0.864(0.898)            400
          Direct    0.867(0.758)   0.831(0.903)   0.853(0.824)            400
        Indirect     0.948(0.84)   0.993(0.773)   0.970(0.805)            400
        Isolated     0.909(0.89)   0.883(0.793)   0.888(0.849)            400

     avg / total    0.898(0.847)   0.895(0.842)   0.894(0.841)           1600

ITERATION NUMBER: 3
============================================
                       precision         recall       f1-score        support

       Duplicate    0.868(0.898)   0.875(0.898)   0.873(0.898)            400
          Direct    0.877(0.758)   0.850(0.903)   0.858(0.824)            400
        Indirect     0.950(0.84)   0.993(0.773)   0.973(0.805)            400
        Isolated     0.912(0.89)   0.880(0.793)   0.887(0.849)            400

     avg / total    0.902(0.847)   0.900(0.842)   0.898(0.841)           1600
