
ITERATION NUMBER: 1
============================================
             precision    recall  f1-score   support

          1      0.815     0.915     0.862       400
          2      0.923     0.835     0.877       400
          3      0.963     0.985     0.974       400
          4      0.911     0.865     0.887       400

avg / total      0.903     0.900     0.900      1600
             precision    recall  f1-score   support

          1      0.887     0.880     0.883       400
          2      0.871     0.843     0.856       400
          3      0.947     0.993     0.969       400
          4      0.897     0.890     0.893       400

avg / total      0.900     0.901     0.901      1600
             precision    recall  f1-score   support

          1      0.845     0.875     0.860       400
          2      0.860     0.860     0.860       400
          3      0.968     0.985     0.976       400
          4      0.910     0.863     0.886       400

avg / total      0.896     0.896     0.896      1600

Time: 274.67522688761574
ITERATION NUMBER: 2
============================================
             precision    recall  f1-score   support

          1      0.862     0.890     0.876       400
          2      0.889     0.845     0.867       400
          3      0.968     0.998     0.983       400
          4      0.909     0.897     0.903       400

avg / total      0.907     0.907     0.907      1600
             precision    recall  f1-score   support

          1      0.842     0.917     0.878       400
          2      0.902     0.850     0.875       400
          3      0.966     0.990     0.978       400
          4      0.907     0.855     0.880       400

avg / total      0.904     0.903     0.903      1600
             precision    recall  f1-score   support

          1      0.856     0.865     0.861       400
          2      0.842     0.865     0.853       400
          3      0.970     0.975     0.973       400
          4      0.909     0.870     0.889       400

avg / total      0.894     0.894     0.894      1600

Time: 174.57984313575616
ITERATION NUMBER: 3
============================================
             precision    recall  f1-score   support

          1      0.833     0.860     0.846       400
          2      0.840     0.825     0.832       400
          3      0.973     0.973     0.973       400
          4      0.904     0.890     0.897       400

avg / total      0.887     0.887     0.887      1600
             precision    recall  f1-score   support

          1      0.804     0.922     0.859       400
          2      0.925     0.860     0.891       400
          3      0.982     0.970     0.976       400
          4      0.909     0.850     0.879       400

avg / total      0.905     0.901     0.901      1600
             precision    recall  f1-score   support

          1      0.862     0.860     0.861       400
          2      0.857     0.838     0.847       400
          3      0.936     0.990     0.962       400
          4      0.904     0.875     0.889       400

avg / total      0.890     0.891     0.890      1600

Time: 185.03004181725282