ITERATION NUMBER: 0
============================================
                       precision         recall       f1-score        support

       Duplicate    0.508(0.898)   0.077(0.898)   0.134(0.898)            400
          Direct    0.453(0.758)   0.098(0.903)   0.165(0.824)            400
        Indirect     0.888(0.84)   0.458(0.773)   0.604(0.805)            400
        Isolated     0.306(0.89)   0.910(0.793)   0.459(0.849)            400

     avg / total    0.539(0.847)   0.386(0.842)   0.340(0.841)           1600
