ITERATION NUMBER: 0
============================================
                       precision         recall       f1-score        support

       Duplicate    0.839(0.898)   0.065(0.898)   0.121(0.898)            400
          Direct    0.690(0.758)   0.100(0.903)   0.175(0.824)            400
        Indirect     0.000(0.84)   0.000(0.773)   0.000(0.805)            400
        Isolated     0.260(0.89)   0.965(0.793)   0.409(0.849)            400

     avg / total    0.447(0.847)   0.282(0.842)   0.176(0.841)           1600
