
ITERATION NUMBER: 1
============================================
                       precision         recall       f1-score        support

       Duplicate    0.845(0.898)   0.880(0.898)   0.862(0.898)            400
          Direct    0.871(0.758)   0.843(0.903)   0.860(0.824)            400
        Indirect     0.963(0.84)   0.985(0.773)   0.974(0.805)            400
        Isolated     0.910(0.89)   0.865(0.793)   0.887(0.849)            400

     avg / total    0.897(0.847)   0.893(0.842)   0.896(0.841)           1600

ITERATION NUMBER: 2
============================================
                       precision         recall       f1-score        support

       Duplicate    0.851(0.898)   0.885(0.898)   0.869(0.898)            400
          Direct    0.880(0.758)   0.847(0.903)   0.863(0.824)            400
        Indirect     0.967(0.84)   0.988(0.773)   0.975(0.805)            400
        Isolated     0.909(0.89)   0.867(0.793)   0.888(0.849)            400

     avg / total    0.902(0.847)   0.897(0.842)   0.899(0.841)           1600

ITERATION NUMBER: 3
============================================
                       precision         recall       f1-score        support

       Duplicate    0.845(0.898)   0.880(0.898)   0.861(0.898)            400
          Direct    0.871(0.758)   0.845(0.903)   0.860(0.824)            400
        Indirect     0.968(0.84)   0.985(0.773)   0.974(0.805)            400
        Isolated     0.909(0.89)   0.870(0.793)   0.889(0.849)            400

     avg / total    0.898(0.847)   0.895(0.842)   0.896(0.841)           1600
