
ITERATION NUMBER: 1
============================================
             precision    recall  f1-score   support

          1      0.918     0.129     0.226       349
          2      0.335     0.718     0.457       400
          3      0.683     0.500     0.577       400
          4      0.681     0.598     0.636       400

avg / total      0.646     0.498     0.482      1549
             precision    recall  f1-score   support

          1      0.635     0.398     0.489       349
          2      0.371     0.497     0.425       400
          3      0.553     0.573     0.563       400
          4      0.707     0.670     0.688       400

avg / total      0.564     0.539     0.543      1549
             precision    recall  f1-score   support

          1      0.912     0.089     0.162       349
          2      0.325     0.757     0.455       400
          3      0.700     0.455     0.552       400
          4      0.700     0.565     0.625       400

avg / total      0.651     0.479     0.458      1549
             precision    recall  f1-score   support

          1      0.893     0.072     0.133       349
          2      0.321     0.770     0.453       400
          3      0.738     0.443     0.553       400
          4      0.679     0.545     0.605       400

avg / total      0.650     0.470     0.446      1549
             precision    recall  f1-score   support

          1      0.852     0.215     0.343       349
          2      0.366     0.685     0.477       400
          3      0.647     0.540     0.589       400
          4      0.728     0.690     0.709       400

avg / total      0.642     0.543     0.536      1549
             precision    recall  f1-score   support

          1      0.815     0.278     0.415       349
          2      0.385     0.647     0.483       400
          3      0.632     0.575     0.602       400
          4      0.728     0.718     0.723       400

avg / total      0.634     0.564     0.560      1549
             precision    recall  f1-score   support

          1      0.870     0.192     0.315       349
          2      0.362     0.715     0.481       400
          3      0.656     0.525     0.583       400
          4      0.738     0.670     0.702       400

avg / total      0.650     0.536     0.527      1549
             precision    recall  f1-score   support

          1      0.829     0.278     0.416       349
          2      0.388     0.655     0.487       400
          3      0.634     0.568     0.599       400
          4      0.714     0.713     0.713       400

avg / total      0.635     0.562     0.559      1549
             precision    recall  f1-score   support

          1      0.841     0.212     0.339       349
          2      0.355     0.660     0.462       400
          3      0.628     0.557     0.591       400
          4      0.735     0.665     0.698       400

avg / total      0.633     0.534     0.528      1549
             precision    recall  f1-score   support

          1      0.867     0.186     0.307       349
          2      0.357     0.698     0.472       400
          3      0.666     0.542     0.598       400
          4      0.710     0.650     0.679       400

avg / total      0.643     0.530     0.521      1549

Time: 433.66399631500053
ITERATION NUMBER: 2
============================================
             precision    recall  f1-score   support

          1      0.925     0.140     0.244       349
          2      0.342     0.728     0.465       400
          3      0.679     0.497     0.574       400
          4      0.695     0.610     0.650       400

avg / total      0.651     0.505     0.491      1549
             precision    recall  f1-score   support

          1      0.920     0.066     0.123       349
          2      0.321     0.787     0.456       400
          3      0.757     0.412     0.534       400
          4      0.677     0.550     0.607       400

avg / total      0.660     0.467     0.440      1549
             precision    recall  f1-score   support

          1      0.758     0.350     0.478       349
          2      0.398     0.593     0.476       400
          3      0.599     0.588     0.593       400
          4      0.721     0.723     0.722       400

avg / total      0.615     0.570     0.570      1549
             precision    recall  f1-score   support

          1      0.909     0.057     0.108       349
          2      0.319     0.787     0.454       400
          3      0.767     0.403     0.528       400
          4      0.661     0.545     0.597       400

avg / total      0.656     0.461     0.432      1549
             precision    recall  f1-score   support

          1      0.859     0.244     0.379       349
          2      0.370     0.652     0.472       400
          3      0.639     0.568     0.601       400
          4      0.715     0.695     0.705       400

avg / total      0.639     0.549     0.545      1549
             precision    recall  f1-score   support

          1      0.578     0.393     0.468       349
          2      0.388     0.487     0.432       400
          3      0.530     0.547     0.539       400
          4      0.668     0.662     0.665       400

avg / total      0.540     0.527     0.528      1549
             precision    recall  f1-score   support

          1      0.905     0.163     0.277       349
          2      0.351     0.718     0.472       400
          3      0.676     0.517     0.586       400
          4      0.716     0.650     0.682       400

avg / total      0.654     0.524     0.512      1549
             precision    recall  f1-score   support

          1      0.824     0.335     0.477       349
          2      0.403     0.635     0.493       400
          3      0.628     0.578     0.602       400
          4      0.713     0.728     0.720       400

avg / total      0.636     0.577     0.576      1549
             precision    recall  f1-score   support

          1      0.907     0.112     0.199       349
          2      0.327     0.735     0.453       400
          3      0.696     0.475     0.565       400
          4      0.698     0.583     0.635       400

avg / total      0.649     0.488     0.471      1549
             precision    recall  f1-score   support

          1      0.897     0.100     0.180       349
          2      0.328     0.750     0.456       400
          3      0.695     0.455     0.550       400
          4      0.700     0.583     0.636       400

avg / total      0.647     0.484     0.465      1549

Time: 445.24257137099994
ITERATION NUMBER: 3
============================================
             precision    recall  f1-score   support

          1      0.578     0.384     0.461       349
          2      0.382     0.475     0.424       400
          3      0.513     0.552     0.532       400
          4      0.686     0.667     0.677       400

avg / total      0.539     0.524     0.525      1549
             precision    recall  f1-score   support

          1      0.903     0.080     0.147       349
          2      0.322     0.777     0.455       400
          3      0.751     0.422     0.541       400
          4      0.676     0.552     0.608       400

avg / total      0.655     0.471     0.447      1549
             precision    recall  f1-score   support

          1      0.932     0.158     0.270       349
          2      0.344     0.703     0.462       400
          3      0.660     0.520     0.582       400
          4      0.716     0.642     0.677       400

avg / total      0.654     0.517     0.505      1549
             precision    recall  f1-score   support

          1      0.583     0.384     0.463       349
          2      0.374     0.458     0.412       400
          3      0.516     0.573     0.543       400
          4      0.668     0.645     0.656       400

avg / total      0.534     0.519     0.520      1549
             precision    recall  f1-score   support

          1      0.895     0.049     0.092       349
          2      0.314     0.797     0.451       400
          3      0.750     0.383     0.507       400
          4      0.653     0.507     0.571       400

avg / total      0.645     0.447     0.416      1549
             precision    recall  f1-score   support

          1      0.886     0.178     0.296       349
          2      0.357     0.713     0.475       400
          3      0.682     0.552     0.610       400
          4      0.725     0.645     0.683       400

avg / total      0.655     0.533     0.523      1549
             precision    recall  f1-score   support

          1      0.572     0.375     0.453       349
          2      0.359     0.455     0.401       400
          3      0.512     0.525     0.519       400
          4      0.672     0.677     0.675       400

avg / total      0.527     0.513     0.514      1549
             precision    recall  f1-score   support

          1      0.920     0.132     0.231       349
          2      0.342     0.743     0.468       400
          3      0.716     0.497     0.587       400
          4      0.690     0.608     0.646       400

avg / total      0.659     0.507     0.491      1549
             precision    recall  f1-score   support

          1      0.854     0.218     0.347       349
          2      0.358     0.655     0.463       400
          3      0.639     0.568     0.601       400
          4      0.717     0.670     0.693       400

avg / total      0.635     0.538     0.532      1549
             precision    recall  f1-score   support

          1      0.586     0.372     0.455       349
          2      0.380     0.480     0.424       400
          3      0.524     0.555     0.539       400
          4      0.666     0.662     0.664       400

avg / total      0.537     0.522     0.523      1549

Time: 409.7886883950014
ITERATION NUMBER: 4
============================================
             precision    recall  f1-score   support

          1      0.937     0.169     0.286       349
          2      0.349     0.708     0.467       400
          3      0.671     0.530     0.592       400
          4      0.715     0.640     0.675       400

avg / total      0.659     0.523     0.512      1549
             precision    recall  f1-score   support

          1      0.904     0.215     0.347       349
          2      0.364     0.690     0.477       400
          3      0.672     0.542     0.600       400
          4      0.714     0.688     0.701       400

avg / total      0.656     0.544     0.537      1549
             precision    recall  f1-score   support

          1      0.909     0.086     0.157       349
          2      0.317     0.752     0.446       400
          3      0.717     0.443     0.547       400
          4      0.681     0.545     0.606       400

avg / total      0.648     0.469     0.448      1549
             precision    recall  f1-score   support

          1      0.923     0.172     0.290       349
          2      0.344     0.695     0.460       400
          3      0.663     0.522     0.585       400
          4      0.706     0.635     0.668       400

avg / total      0.650     0.517     0.508      1549
             precision    recall  f1-score   support

          1      0.865     0.238     0.373       349
          2      0.369     0.670     0.476       400
          3      0.658     0.552     0.601       400
          4      0.721     0.705     0.713       400

avg / total      0.646     0.551     0.546      1549
             precision    recall  f1-score   support

          1      0.906     0.166     0.281       349
          2      0.346     0.703     0.464       400
          3      0.681     0.532     0.597       400
          4      0.723     0.652     0.686       400

avg / total      0.656     0.525     0.515      1549
             precision    recall  f1-score   support

          1      0.864     0.218     0.348       349
          2      0.360     0.675     0.469       400
          3      0.658     0.542     0.595       400
          4      0.724     0.688     0.705       400

avg / total      0.644     0.541     0.535      1549
             precision    recall  f1-score   support

          1      0.574     0.401     0.472       349
          2      0.358     0.453     0.400       400
          3      0.531     0.552     0.542       400
          4      0.692     0.662     0.677       400

avg / total      0.538     0.521     0.524      1549
             precision    recall  f1-score   support

          1      0.877     0.203     0.330       349
          2      0.354     0.675     0.464       400
          3      0.655     0.555     0.601       400
          4      0.730     0.667     0.697       400

avg / total      0.646     0.536     0.529      1549
             precision    recall  f1-score   support

          1      0.725     0.370     0.490       349
          2      0.400     0.578     0.473       400
          3      0.598     0.603     0.600       400
          4      0.726     0.710     0.718       400

avg / total      0.609     0.571     0.573      1549

Time: 453.173111049
ITERATION NUMBER: 5
============================================
             precision    recall  f1-score   support

          1      0.939     0.178     0.299       349
          2      0.356     0.713     0.475       400
          3      0.664     0.537     0.594       400
          4      0.719     0.645     0.680       400

avg / total      0.661     0.529     0.519      1549
             precision    recall  f1-score   support

          1      0.882     0.235     0.371       349
          2      0.374     0.685     0.484       400
          3      0.650     0.557     0.600       400
          4      0.724     0.690     0.707       400

avg / total      0.650     0.552     0.546      1549
             precision    recall  f1-score   support

          1      0.869     0.209     0.337       349
          2      0.370     0.677     0.478       400
          3      0.630     0.557     0.592       400
          4      0.728     0.688     0.707       400

avg / total      0.642     0.544     0.535      1549
             precision    recall  f1-score   support

          1      0.914     0.092     0.167       349
          2      0.330     0.772     0.463       400
          3      0.724     0.453     0.557       400
          4      0.687     0.565     0.620       400

avg / total      0.656     0.483     0.461      1549
             precision    recall  f1-score   support

          1      0.597     0.395     0.476       349
          2      0.363     0.448     0.401       400
          3      0.526     0.565     0.545       400
          4      0.684     0.675     0.679       400

avg / total      0.541     0.525     0.527      1549
             precision    recall  f1-score   support

          1      0.914     0.092     0.167       349
          2      0.324     0.765     0.455       400
          3      0.738     0.443     0.553       400
          4      0.684     0.562     0.617       400

avg / total      0.657     0.478     0.457      1549
             precision    recall  f1-score   support

          1      0.917     0.063     0.118       349
          2      0.320     0.790     0.455       400
          3      0.750     0.405     0.526       400
          4      0.673     0.540     0.599       400

avg / total      0.657     0.462     0.435      1549
             precision    recall  f1-score   support

          1      0.889     0.229     0.364       349
          2      0.373     0.693     0.485       400
          3      0.669     0.550     0.604       400
          4      0.716     0.693     0.704       400

avg / total      0.654     0.551     0.545      1549
             precision    recall  f1-score   support

          1      0.848     0.241     0.375       349
          2      0.373     0.660     0.477       400
          3      0.627     0.580     0.603       400
          4      0.735     0.685     0.709       400

avg / total      0.639     0.551     0.546      1549
             precision    recall  f1-score   support

          1      0.927     0.109     0.195       349
          2      0.324     0.740     0.451       400
          3      0.704     0.470     0.564       400
          4      0.698     0.573     0.629       400

avg / total      0.655     0.485     0.468      1549

Time: 420.282452378
ITERATION NUMBER: 6
============================================
             precision    recall  f1-score   support

          1      0.915     0.123     0.217       349
          2      0.332     0.718     0.454       400
          3      0.684     0.497     0.576       400
          4      0.679     0.588     0.630       400

avg / total      0.644     0.493     0.478      1549
             precision    recall  f1-score   support

          1      0.801     0.324     0.461       349
          2      0.393     0.635     0.486       400
          3      0.622     0.580     0.600       400
          4      0.720     0.700     0.710       400

avg / total      0.629     0.567     0.568      1549
             precision    recall  f1-score   support

          1      0.845     0.249     0.385       349
          2      0.376     0.660     0.479       400
          3      0.631     0.565     0.596       400
          4      0.730     0.703     0.716       400

avg / total      0.639     0.554     0.549      1549
             precision    recall  f1-score   support

          1      0.581     0.390     0.467       349
          2      0.386     0.470     0.424       400
          3      0.518     0.570     0.543       400
          4      0.657     0.637     0.647       400

avg / total      0.534     0.521     0.522      1549
             precision    recall  f1-score   support

          1      0.926     0.181     0.302       349
          2      0.349     0.688     0.463       400
          3      0.651     0.527     0.583       400
          4      0.703     0.650     0.675       400

avg / total      0.649     0.522     0.513      1549
             precision    recall  f1-score   support

          1      0.948     0.209     0.343       349
          2      0.359     0.688     0.472       400
          3      0.651     0.555     0.599       400
          4      0.721     0.657     0.688       400

avg / total      0.660     0.538     0.531      1549
             precision    recall  f1-score   support

          1      0.897     0.175     0.293       349
          2      0.356     0.703     0.472       400
          3      0.659     0.532     0.589       400
          4      0.715     0.657     0.685       400

avg / total      0.649     0.528     0.517      1549
             precision    recall  f1-score   support

          1      0.919     0.097     0.176       349
          2      0.325     0.750     0.454       400
          3      0.724     0.453     0.557       400
          4      0.676     0.575     0.622       400

avg / total      0.653     0.481     0.461      1549
             precision    recall  f1-score   support

          1      0.865     0.221     0.352       349
          2      0.363     0.672     0.471       400
          3      0.641     0.562     0.599       400
          4      0.730     0.670     0.699       400

avg / total      0.643     0.542     0.536      1549
             precision    recall  f1-score   support

          1      0.927     0.109     0.195       349
          2      0.328     0.740     0.455       400
          3      0.692     0.477     0.565       400
          4      0.691     0.570     0.625       400

avg / total      0.651     0.486     0.469      1549

Time: 403.8695669389999
ITERATION NUMBER: 7
============================================
             precision    recall  f1-score   support

          1      0.861     0.266     0.407       349
          2      0.385     0.650     0.483       400
          3      0.621     0.585     0.602       400
          4      0.727     0.705     0.716       400

avg / total      0.641     0.561     0.557      1549
             precision    recall  f1-score   support

          1      0.938     0.175     0.295       349
          2      0.347     0.708     0.465       400
          3      0.653     0.512     0.574       400
          4      0.720     0.637     0.676       400

avg / total      0.656     0.519     0.510      1549
             precision    recall  f1-score   support

          1      0.909     0.143     0.248       349
          2      0.342     0.715     0.462       400
          3      0.664     0.510     0.577       400
          4      0.726     0.635     0.677       400

avg / total      0.652     0.513     0.499      1549
             precision    recall  f1-score   support

          1      0.597     0.378     0.463       349
          2      0.384     0.465     0.420       400
          3      0.513     0.580     0.545       400
          4      0.703     0.688     0.695       400

avg / total      0.548     0.533     0.533      1549
             precision    recall  f1-score   support

          1      0.901     0.183     0.305       349
          2      0.352     0.690     0.466       400
          3      0.644     0.530     0.582       400
          4      0.726     0.662     0.693       400

avg / total      0.648     0.527     0.518      1549
             precision    recall  f1-score   support

          1      0.868     0.284     0.428       349
          2      0.384     0.657     0.485       400
          3      0.639     0.575     0.605       400
          4      0.741     0.723     0.732       400

avg / total      0.651     0.569     0.567      1549
             precision    recall  f1-score   support

          1      0.889     0.183     0.304       349
          2      0.355     0.700     0.471       400
          3      0.650     0.520     0.578       400
          4      0.726     0.667     0.695       400

avg / total      0.647     0.529     0.519      1549
             precision    recall  f1-score   support

          1      0.947     0.052     0.098       349
          2      0.312     0.785     0.447       400
          3      0.777     0.400     0.528       400
          4      0.670     0.532     0.593       400

avg / total      0.668     0.455     0.427      1549
             precision    recall  f1-score   support

          1      0.903     0.080     0.147       349
          2      0.315     0.750     0.443       400
          3      0.736     0.445     0.555       400
          4      0.675     0.545     0.603       400

avg / total      0.649     0.467     0.447      1549
             precision    recall  f1-score   support

          1      0.906     0.083     0.152       349
          2      0.317     0.765     0.448       400
          3      0.731     0.435     0.545       400
          4      0.674     0.527     0.592       400

avg / total      0.649     0.465     0.444      1549

Time: 410.639912775001
ITERATION NUMBER: 8
============================================
             precision    recall  f1-score   support

          1      0.907     0.195     0.321       349
          2      0.357     0.680     0.468       400
          3      0.651     0.545     0.593       400
          4      0.706     0.665     0.685       400

avg / total      0.647     0.532     0.523      1549
             precision    recall  f1-score   support

          1      0.895     0.244     0.383       349
          2      0.377     0.685     0.486       400
          3      0.664     0.557     0.606       400
          4      0.716     0.700     0.708       400

avg / total      0.655     0.556     0.551      1549
             precision    recall  f1-score   support

          1      0.885     0.066     0.123       349
          2      0.315     0.772     0.448       400
          3      0.727     0.412     0.526       400
          4      0.689     0.542     0.607       400

avg / total      0.646     0.461     0.436      1549
             precision    recall  f1-score   support

          1      0.893     0.072     0.133       349
          2      0.322     0.775     0.455       400
          3      0.748     0.445     0.558       400
          4      0.679     0.545     0.605       400

avg / total      0.653     0.472     0.448      1549
             precision    recall  f1-score   support

          1      0.930     0.152     0.261       349
          2      0.340     0.718     0.461       400
          3      0.686     0.497     0.577       400
          4      0.698     0.625     0.660       400

avg / total      0.655     0.509     0.497      1549
             precision    recall  f1-score   support

          1      0.908     0.198     0.325       349
          2      0.360     0.705     0.476       400
          3      0.686     0.545     0.607       400
          4      0.728     0.675     0.700       400

avg / total      0.662     0.542     0.534      1549
             precision    recall  f1-score   support

          1      0.590     0.367     0.452       349
          2      0.377     0.497     0.429       400
          3      0.550     0.565     0.557       400
          4      0.667     0.655     0.661       400

avg / total      0.544     0.526     0.527      1549
             precision    recall  f1-score   support

          1      0.868     0.284     0.428       349
          2      0.385     0.662     0.487       400
          3      0.660     0.562     0.607       400
          4      0.709     0.718     0.713       400

avg / total      0.648     0.566     0.563      1549
             precision    recall  f1-score   support

          1      0.913     0.120     0.213       349
          2      0.333     0.743     0.459       400
          3      0.705     0.490     0.578       400
          4      0.699     0.580     0.634       400

avg / total      0.654     0.495     0.480      1549
             precision    recall  f1-score   support

          1      0.917     0.095     0.171       349
          2      0.319     0.755     0.448       400
          3      0.731     0.448     0.555       400
          4      0.688     0.552     0.613       400

avg / total      0.655     0.474     0.456      1549

Time: 475.89966236799955
ITERATION NUMBER: 9
============================================
             precision    recall  f1-score   support

          1      0.803     0.292     0.429       349
          2      0.392     0.640     0.486       400
          3      0.616     0.583     0.599       400
          4      0.734     0.718     0.726       400

avg / total      0.631     0.567     0.564      1549
             precision    recall  f1-score   support

          1      0.906     0.083     0.152       349
          2      0.329     0.785     0.464       400
          3      0.748     0.453     0.564       400
          4      0.698     0.560     0.621       400

avg / total      0.663     0.483     0.460      1549
             precision    recall  f1-score   support

          1      0.864     0.218     0.348       349
          2      0.369     0.688     0.480       400
          3      0.656     0.552     0.600       400
          4      0.733     0.693     0.712       400

avg / total      0.648     0.548     0.541      1549
             precision    recall  f1-score   support

          1      0.567     0.387     0.460       349
          2      0.389     0.482     0.431       400
          3      0.527     0.560     0.543       400
          4      0.662     0.645     0.653       400

avg / total      0.535     0.523     0.524      1549
             precision    recall  f1-score   support

          1      0.715     0.367     0.485       349
          2      0.403     0.580     0.475       400
          3      0.568     0.565     0.566       400
          4      0.725     0.718     0.721       400

avg / total      0.599     0.564     0.564      1549
             precision    recall  f1-score   support

          1      0.895     0.195     0.320       349
          2      0.364     0.710     0.481       400
          3      0.683     0.545     0.606       400
          4      0.735     0.685     0.709       400

avg / total      0.662     0.545     0.536      1549
             precision    recall  f1-score   support

          1      0.868     0.264     0.404       349
          2      0.376     0.662     0.480       400
          3      0.635     0.565     0.598       400
          4      0.728     0.698     0.713       400

avg / total      0.645     0.556     0.554      1549
             precision    recall  f1-score   support

          1      0.508     0.347     0.412       349
          2      0.297     0.315     0.306       400
          3      0.460     0.535     0.495       400
          4      0.422     0.445     0.433       400

avg / total      0.419     0.413     0.411      1549
             precision    recall  f1-score   support

          1      0.581     0.421     0.488       349
          2      0.384     0.465     0.420       400
          3      0.509     0.542     0.525       400
          4      0.668     0.642     0.655       400

avg / total      0.534     0.521     0.523      1549
             precision    recall  f1-score   support

          1      0.496     0.361     0.418       349
          2      0.312     0.325     0.319       400
          3      0.481     0.593     0.531       400
          4      0.477     0.460     0.468       400

avg / total      0.440     0.437     0.434      1549

Time: 673.3128891410015
ITERATION NUMBER: 10
============================================
             precision    recall  f1-score   support

          1      0.934     0.163     0.278       349
          2      0.356     0.733     0.480       400
          3      0.671     0.525     0.589       400
          4      0.714     0.630     0.669       400

avg / total      0.660     0.524     0.511      1549
             precision    recall  f1-score   support

          1      0.882     0.215     0.346       349
          2      0.364     0.667     0.471       400
          3      0.646     0.542     0.590       400
          4      0.694     0.685     0.689       400

avg / total      0.639     0.538     0.530      1549
             precision    recall  f1-score   support

          1      0.901     0.183     0.305       349
          2      0.354     0.688     0.467       400
          3      0.650     0.542     0.591       400
          4      0.741     0.680     0.709       400

avg / total      0.654     0.535     0.525      1549
             precision    recall  f1-score   support

          1      0.900     0.052     0.098       349
          2      0.317     0.785     0.451       400
          3      0.752     0.403     0.524       400
          4      0.654     0.530     0.586       400

avg / total      0.648     0.455     0.425      1549
             precision    recall  f1-score   support

          1      0.869     0.209     0.337       349
          2      0.356     0.662     0.463       400
          3      0.648     0.547     0.593       400
          4      0.710     0.680     0.695       400

avg / total      0.638     0.535     0.528      1549
             precision    recall  f1-score   support

          1      0.920     0.132     0.231       349
          2      0.342     0.748     0.470       400
          3      0.715     0.502     0.590       400
          4      0.701     0.605     0.650       400

avg / total      0.662     0.509     0.493      1549
             precision    recall  f1-score   support

          1      0.894     0.241     0.379       349
          2      0.367     0.680     0.477       400
          3      0.662     0.552     0.602       400
          4      0.726     0.690     0.708       400

avg / total      0.655     0.551     0.547      1549
             precision    recall  f1-score   support

          1      0.829     0.307     0.448       349
          2      0.387     0.647     0.484       400
          3      0.644     0.547     0.592       400
          4      0.707     0.725     0.716       400

avg / total      0.636     0.565     0.564      1549
             precision    recall  f1-score   support

          1      0.843     0.261     0.398       349
          2      0.375     0.655     0.477       400
          3      0.628     0.570     0.598       400
          4      0.731     0.693     0.711       400

avg / total      0.638     0.554     0.551      1549
             precision    recall  f1-score   support

          1      0.790     0.312     0.448       349
          2      0.391     0.620     0.480       400
          3      0.610     0.583     0.596       400
          4      0.739     0.730     0.735       400

avg / total      0.627     0.569     0.568      1549

Time: 495.4010791069959