
ITERATION NUMBER: 1
============================================
                       precision         recall       f1-score        support

       Duplicate    0.859(0.898)   0.202(0.898)   0.327(0.898)            400
          Direct    0.359(0.758)   0.692(0.903)   0.467(0.824)            400
        Indirect     0.651(0.84)   0.541(0.773)   0.586(0.805)            400
        Isolated     0.712(0.89)   0.667(0.793)   0.693(0.849)            400

     avg / total    0.646(0.847)   0.526(0.842)   0.518(0.841)           1600

ITERATION NUMBER: 2
============================================
                       precision         recall       f1-score        support

       Duplicate    0.869(0.898)   0.189(0.898)   0.311(0.898)            400
          Direct    0.356(0.758)   0.706(0.903)   0.464(0.824)            400
        Indirect     0.661(0.84)   0.532(0.773)   0.580(0.805)            400
        Isolated     0.708(0.89)   0.656(0.793)   0.681(0.849)            400

     avg / total    0.648(0.847)   0.521(0.842)   0.509(0.841)           1600

ITERATION NUMBER: 3
============================================
                       precision         recall       f1-score        support

       Duplicate    0.869(0.898)   0.189(0.898)   0.311(0.898)            400
          Direct    0.357(0.758)   0.700(0.903)   0.460(0.824)            400
        Indirect     0.658(0.84)   0.532(0.773)   0.575(0.805)            400
        Isolated     0.700(0.89)   0.650(0.793)   0.676(0.849)            400

     avg / total    0.646(0.847)   0.518(0.842)   0.505(0.841)           1600

ITERATION NUMBER: 4
============================================
                       precision         recall       f1-score        support

       Duplicate    0.873(0.898)   0.198(0.898)   0.323(0.898)            400
          Direct    0.357(0.758)   0.692(0.903)   0.463(0.824)            400
        Indirect     0.659(0.84)   0.541(0.773)   0.584(0.805)            400
        Isolated     0.708(0.89)   0.657(0.793)   0.677(0.849)            400

     avg / total    0.649(0.847)   0.522(0.842)   0.512(0.841)           1600

ITERATION NUMBER: 5
============================================
                       precision         recall       f1-score        support

       Duplicate    0.884(0.898)   0.198(0.898)   0.323(0.898)            400
          Direct    0.357(0.758)   0.694(0.903)   0.463(0.824)            400
        Indirect     0.661(0.84)   0.541(0.773)   0.584(0.805)            400
        Isolated     0.708(0.89)   0.657(0.793)   0.678(0.849)            400

     avg / total    0.653(0.847)   0.522(0.842)   0.512(0.841)           1600

ITERATION NUMBER: 6
============================================
                       precision         recall       f1-score        support

       Duplicate    0.887(0.898)   0.198(0.898)   0.323(0.898)            400
          Direct    0.357(0.758)   0.692(0.903)   0.463(0.824)            400
        Indirect     0.659(0.84)   0.541(0.773)   0.584(0.805)            400
        Isolated     0.708(0.89)   0.655(0.793)   0.678(0.849)            400

     avg / total    0.653(0.847)   0.521(0.842)   0.512(0.841)           1600

ITERATION NUMBER: 7
============================================
                       precision         recall       f1-score        support

       Duplicate    0.891(0.898)   0.184(0.898)   0.306(0.898)            400
          Direct    0.356(0.758)   0.694(0.903)   0.463(0.824)            400
        Indirect     0.658(0.84)   0.534(0.773)   0.582(0.805)            400
        Isolated     0.712(0.89)   0.655(0.793)   0.678(0.849)            400

     avg / total    0.654(0.847)   0.517(0.842)   0.507(0.841)           1600

ITERATION NUMBER: 8
============================================
                       precision         recall       f1-score        support

       Duplicate    0.894(0.898)   0.184(0.898)   0.306(0.898)            400
          Direct    0.356(0.758)   0.696(0.903)   0.463(0.824)            400
        Indirect     0.660(0.84)   0.534(0.773)   0.580(0.805)            400
        Isolated     0.706(0.89)   0.653(0.793)   0.677(0.849)            400

     avg / total    0.654(0.847)   0.517(0.842)   0.507(0.841)           1600

ITERATION NUMBER: 9
============================================
                       precision         recall       f1-score        support

       Duplicate    0.889(0.898)   0.197(0.898)   0.323(0.898)            400
          Direct    0.357(0.758)   0.690(0.903)   0.463(0.824)            400
        Indirect     0.658(0.84)   0.542(0.773)   0.578(0.805)            400
        Isolated     0.706(0.89)   0.653(0.793)   0.677(0.849)            400

     avg / total    0.653(0.847)   0.521(0.842)   0.510(0.841)           1600

ITERATION NUMBER: 10
============================================
                       precision         recall       f1-score        support

       Duplicate    0.889(0.898)   0.201(0.898)   0.328(0.898)            400
          Direct    0.357(0.758)   0.688(0.903)   0.464(0.824)            400
        Indirect     0.657(0.84)   0.542(0.773)   0.583(0.805)            400
        Isolated     0.708(0.89)   0.657(0.793)   0.679(0.849)            400

     avg / total    0.653(0.847)   0.522(0.842)   0.513(0.841)           1600
