
ITERATION NUMBER: 1
============================================
             precision    recall  f1-score   support

          1      0.893     0.192     0.316       349
          2      0.364     0.703     0.480       400
          3      0.659     0.555     0.602       400
          4      0.721     0.660     0.689       400

avg / total      0.652     0.538     0.529      1549
             precision    recall  f1-score   support

          1      0.859     0.244     0.379       349
          2      0.381     0.682     0.489       400
          3      0.646     0.560     0.600       400
          4      0.729     0.705     0.717       400

avg / total      0.647     0.558     0.552      1549
             precision    recall  f1-score   support

          1      0.845     0.249     0.385       349
          2      0.388     0.672     0.492       400
          3      0.640     0.578     0.607       400
          4      0.735     0.720     0.727       400

avg / total      0.646     0.565     0.558      1549
             precision    recall  f1-score   support

          1      0.776     0.318     0.451       349
          2      0.393     0.623     0.482       400
          3      0.609     0.593     0.601       400
          4      0.731     0.700     0.715       400

avg / total      0.622     0.566     0.566      1549
             precision    recall  f1-score   support

          1      0.851     0.212     0.339       349
          2      0.363     0.680     0.473       400
          3      0.642     0.542     0.588       400
          4      0.728     0.682     0.705       400

avg / total      0.639     0.540     0.533      1549
             precision    recall  f1-score   support

          1      0.811     0.284     0.420       349
          2      0.387     0.647     0.485       400
          3      0.632     0.575     0.602       400
          4      0.731     0.720     0.725       400

avg / total      0.635     0.566     0.563      1549
             precision    recall  f1-score   support

          1      0.910     0.175     0.293       349
          2      0.353     0.720     0.474       400
          3      0.662     0.520     0.583       400
          4      0.733     0.645     0.686       400

avg / total      0.657     0.526     0.516      1549
             precision    recall  f1-score   support

          1      0.857     0.241     0.376       349
          2      0.383     0.688     0.492       400
          3      0.659     0.555     0.602       400
          4      0.715     0.708     0.711       400

avg / total      0.647     0.558     0.551      1549
             precision    recall  f1-score   support

          1      0.918     0.129     0.226       349
          2      0.337     0.725     0.460       400
          3      0.680     0.500     0.576       400
          4      0.704     0.608     0.652       400

avg / total      0.651     0.502     0.487      1549
             precision    recall  f1-score   support

          1      0.861     0.266     0.407       349
          2      0.388     0.665     0.490       400
          3      0.642     0.583     0.611       400
          4      0.718     0.705     0.711       400

avg / total      0.645     0.564     0.560      1549

Time: 3847.3888147509997
ITERATION NUMBER: 2
============================================
             precision    recall  f1-score   support

          1      0.873     0.255     0.395       349
          2      0.382     0.675     0.488       400
          3      0.636     0.568     0.600       400
          4      0.724     0.695     0.709       400

avg / total      0.646     0.558     0.553      1549
             precision    recall  f1-score   support

          1      0.870     0.269     0.411       349
          2      0.382     0.670     0.487       400
          3      0.659     0.575     0.614       400
          4      0.716     0.700     0.708       400

avg / total      0.650     0.563     0.560      1549
             precision    recall  f1-score   support

          1      0.846     0.221     0.350       349
          2      0.366     0.675     0.475       400
          3      0.636     0.545     0.587       400
          4      0.716     0.675     0.695       400

avg / total      0.634     0.539     0.532      1549
             precision    recall  f1-score   support

          1      0.917     0.158     0.269       349
          2      0.347     0.718     0.467       400
          3      0.669     0.515     0.582       400
          4      0.705     0.623     0.661       400

avg / total      0.651     0.515     0.502      1549
             precision    recall  f1-score   support

          1      0.867     0.223     0.355       349
          2      0.366     0.667     0.473       400
          3      0.644     0.560     0.599       400
          4      0.711     0.677     0.694       400

avg / total      0.640     0.542     0.536      1549
             precision    recall  f1-score   support

          1      0.880     0.252     0.392       349
          2      0.379     0.685     0.488       400
          3      0.676     0.585     0.627       400
          4      0.732     0.695     0.713       400

avg / total      0.660     0.564     0.560      1549
             precision    recall  f1-score   support

          1      0.874     0.238     0.374       349
          2      0.367     0.680     0.477       400
          3      0.662     0.562     0.608       400
          4      0.724     0.675     0.699       400

avg / total      0.649     0.549     0.545      1549
             precision    recall  f1-score   support

          1      0.832     0.312     0.454       349
          2      0.388     0.637     0.482       400
          3      0.633     0.565     0.597       400
          4      0.710     0.718     0.714       400

avg / total      0.635     0.566     0.565      1549
             precision    recall  f1-score   support

          1      0.870     0.229     0.363       349
          2      0.364     0.667     0.471       400
          3      0.650     0.570     0.607       400
          4      0.715     0.665     0.689       400

avg / total      0.642     0.543     0.538      1549
             precision    recall  f1-score   support

          1      0.865     0.238     0.373       349
          2      0.382     0.672     0.487       400
          3      0.643     0.580     0.610       400
          4      0.716     0.695     0.706       400

avg / total      0.644     0.556     0.550      1549

Time: 3443.896767716001
ITERATION NUMBER: 3
============================================
             precision    recall  f1-score   support

          1      0.882     0.192     0.315       349
          2      0.362     0.688     0.475       400
          3      0.654     0.557     0.602       400
          4      0.708     0.660     0.683       400

avg / total      0.644     0.535     0.525      1549
             precision    recall  f1-score   support

          1      0.938     0.172     0.291       349
          2      0.347     0.715     0.467       400
          3      0.686     0.512     0.587       400
          4      0.702     0.635     0.667       400

avg / total      0.659     0.520     0.510      1549
             precision    recall  f1-score   support

          1      0.854     0.201     0.325       349
          2      0.366     0.690     0.478       400
          3      0.661     0.560     0.606       400
          4      0.730     0.682     0.705       400

avg / total      0.646     0.544     0.535      1549
             precision    recall  f1-score   support

          1      0.763     0.304     0.434       349
          2      0.389     0.603     0.473       400
          3      0.604     0.603     0.603       400
          4      0.724     0.710     0.717       400

avg / total      0.615     0.563     0.561      1549
             precision    recall  f1-score   support

          1      0.831     0.281     0.420       349
          2      0.370     0.623     0.464       400
          3      0.619     0.568     0.592       400
          4      0.706     0.690     0.698       400

avg / total      0.625     0.549     0.547      1549
             precision    recall  f1-score   support

          1      0.875     0.221     0.352       349
          2      0.366     0.685     0.477       400
          3      0.670     0.568     0.614       400
          4      0.732     0.682     0.706       400

avg / total      0.654     0.549     0.544      1549
             precision    recall  f1-score   support

          1      0.867     0.244     0.380       349
          2      0.374     0.675     0.481       400
          3      0.641     0.568     0.602       400
          4      0.736     0.690     0.712       400

avg / total      0.648     0.554     0.549      1549
             precision    recall  f1-score   support

          1      0.852     0.264     0.403       349
          2      0.380     0.647     0.479       400
          3      0.638     0.565     0.599       400
          4      0.711     0.720     0.716       400

avg / total      0.638     0.558     0.554      1549
             precision    recall  f1-score   support

          1      0.735     0.318     0.444       349
          2      0.375     0.578     0.455       400
          3      0.587     0.590     0.589       400
          4      0.729     0.693     0.710       400

avg / total      0.602     0.552     0.553      1549
             precision    recall  f1-score   support

          1      0.856     0.255     0.393       349
          2      0.382     0.657     0.483       400
          3      0.653     0.578     0.613       400
          4      0.716     0.720     0.718       400

avg / total      0.645     0.562     0.557      1549

Time: 3417.8608300369997
ITERATION NUMBER: 4
============================================
             precision    recall  f1-score   support

          1      0.939     0.178     0.299       349
          2      0.351     0.695     0.467       400
          3      0.658     0.542     0.595       400
          4      0.721     0.652     0.685       400

avg / total      0.658     0.528     0.518      1549
             precision    recall  f1-score   support

          1      0.893     0.192     0.316       349
          2      0.359     0.693     0.473       400
          3      0.676     0.537     0.599       400
          4      0.706     0.677     0.691       400

avg / total      0.651     0.536     0.526      1549
             precision    recall  f1-score   support

          1      0.896     0.172     0.288       349
          2      0.354     0.695     0.469       400
          3      0.668     0.542     0.599       400
          4      0.728     0.675     0.700       400

avg / total      0.653     0.533     0.521      1549
             precision    recall  f1-score   support

          1      0.919     0.097     0.176       349
          2      0.328     0.748     0.456       400
          3      0.711     0.472     0.568       400
          4      0.684     0.573     0.623       400

avg / total      0.652     0.485     0.465      1549
             precision    recall  f1-score   support

          1      0.896     0.198     0.324       349
          2      0.353     0.690     0.467       400
          3      0.660     0.530     0.588       400
          4      0.724     0.670     0.696       400

avg / total      0.651     0.533     0.525      1549
             precision    recall  f1-score   support

          1      0.875     0.201     0.326       349
          2      0.357     0.690     0.471       400
          3      0.672     0.552     0.606       400
          4      0.741     0.680     0.709       400

avg / total      0.654     0.542     0.535      1549
             precision    recall  f1-score   support

          1      0.905     0.163     0.277       349
          2      0.346     0.703     0.464       400
          3      0.671     0.520     0.586       400
          4      0.723     0.657     0.688       400

avg / total      0.653     0.522     0.511      1549
             precision    recall  f1-score   support

          1      0.867     0.244     0.380       349
          2      0.371     0.680     0.480       400
          3      0.681     0.545     0.606       400
          4      0.716     0.713     0.714       400

avg / total      0.652     0.555     0.550      1549
             precision    recall  f1-score   support

          1      0.854     0.252     0.389       349
          2      0.365     0.645     0.466       400
          3      0.641     0.575     0.606       400
          4      0.734     0.698     0.715       400

avg / total      0.642     0.552     0.549      1549
             precision    recall  f1-score   support

          1      0.843     0.246     0.381       349
          2      0.374     0.665     0.478       400
          3      0.658     0.557     0.604       400
          4      0.727     0.720     0.724       400

avg / total      0.644     0.557     0.552      1549

Time: 3557.7619091430006
ITERATION NUMBER: 5
============================================
             precision    recall  f1-score   support

          1      0.938     0.172     0.291       349
          2      0.354     0.718     0.474       400
          3      0.672     0.532     0.594       400
          4      0.711     0.635     0.671       400

avg / total      0.660     0.526     0.515      1549
             precision    recall  f1-score   support

          1      0.880     0.252     0.392       349
          2      0.380     0.680     0.487       400
          3      0.645     0.568     0.604       400
          4      0.727     0.693     0.709       400

avg / total      0.651     0.558     0.553      1549
             precision    recall  f1-score   support

          1      0.838     0.266     0.404       349
          2      0.395     0.660     0.494       400
          3      0.636     0.590     0.612       400
          4      0.724     0.723     0.723       400

avg / total      0.642     0.569     0.564      1549
             precision    recall  f1-score   support

          1      0.787     0.318     0.453       349
          2      0.397     0.620     0.484       400
          3      0.604     0.595     0.599       400
          4      0.705     0.688     0.696       400

avg / total      0.618     0.563     0.562      1549
             precision    recall  f1-score   support

          1      0.899     0.229     0.365       349
          2      0.358     0.672     0.467       400
          3      0.658     0.552     0.601       400
          4      0.715     0.665     0.689       400

avg / total      0.649     0.540     0.536      1549
             precision    recall  f1-score   support

          1      0.829     0.278     0.416       349
          2      0.394     0.660     0.493       400
          3      0.650     0.595     0.621       400
          4      0.730     0.723     0.726       400

avg / total      0.645     0.573     0.569      1549
             precision    recall  f1-score   support

          1      0.921     0.166     0.282       349
          2      0.351     0.720     0.472       400
          3      0.667     0.515     0.581       400
          4      0.725     0.645     0.683       400

avg / total      0.657     0.523     0.512      1549
             precision    recall  f1-score   support

          1      0.889     0.206     0.335       349
          2      0.365     0.693     0.478       400
          3      0.671     0.540     0.598       400
          4      0.708     0.685     0.696       400

avg / total      0.651     0.542     0.533      1549
             precision    recall  f1-score   support

          1      0.817     0.269     0.405       349
          2      0.381     0.647     0.480       400
          3      0.623     0.575     0.598       400
          4      0.720     0.695     0.707       400

avg / total      0.630     0.556     0.552      1549
             precision    recall  f1-score   support

          1      0.923     0.138     0.239       349
          2      0.339     0.728     0.462       400
          3      0.668     0.487     0.564       400
          4      0.714     0.618     0.662       400

avg / total      0.652     0.504     0.490      1549

Time: 4200.763887746001
ITERATION NUMBER: 6
============================================
             precision    recall  f1-score   support

          1      0.900     0.103     0.185       349
          2      0.328     0.733     0.453       400
          3      0.700     0.485     0.573       400
          4      0.678     0.575     0.622       400

avg / total      0.644     0.486     0.467      1549
             precision    recall  f1-score   support

          1      0.850     0.292     0.435       349
          2      0.383     0.647     0.481       400
          3      0.648     0.585     0.615       400
          4      0.724     0.708     0.716       400

avg / total      0.645     0.567     0.566      1549
             precision    recall  f1-score   support

          1      0.924     0.175     0.294       349
          2      0.354     0.700     0.471       400
          3      0.662     0.542     0.596       400
          4      0.729     0.665     0.695       400

avg / total      0.659     0.532     0.521      1549
             precision    recall  f1-score   support

          1      0.909     0.057     0.108       349
          2      0.316     0.770     0.448       400
          3      0.763     0.403     0.527       400
          4      0.657     0.560     0.605       400

avg / total      0.653     0.460     0.432      1549
             precision    recall  f1-score   support

          1      0.905     0.192     0.317       349
          2      0.352     0.677     0.463       400
          3      0.642     0.537     0.585       400
          4      0.703     0.650     0.675       400

avg / total      0.642     0.525     0.516      1549
             precision    recall  f1-score   support

          1      0.908     0.169     0.285       349
          2      0.357     0.690     0.470       400
          3      0.640     0.537     0.584       400
          4      0.706     0.660     0.682       400

avg / total      0.644     0.526     0.513      1549
             precision    recall  f1-score   support

          1      0.897     0.175     0.293       349
          2      0.357     0.705     0.474       400
          3      0.659     0.532     0.589       400
          4      0.717     0.657     0.686       400

avg / total      0.650     0.529     0.517      1549
             precision    recall  f1-score   support

          1      0.887     0.203     0.331       349
          2      0.355     0.665     0.463       400
          3      0.656     0.535     0.590       400
          4      0.692     0.680     0.686       400

avg / total      0.640     0.531     0.523      1549
             precision    recall  f1-score   support

          1      0.911     0.117     0.208       349
          2      0.331     0.728     0.455       400
          3      0.704     0.500     0.585       400
          4      0.688     0.585     0.632       400

avg / total      0.650     0.495     0.479      1549
             precision    recall  f1-score   support

          1      0.844     0.264     0.402       349
          2      0.379     0.645     0.477       400
          3      0.645     0.585     0.613       400
          4      0.710     0.703     0.706       400

avg / total      0.638     0.558     0.554      1549

Time: 3852.7328505660007
ITERATION NUMBER: 7
============================================
             precision    recall  f1-score   support

          1      0.880     0.209     0.338       349
          2      0.360     0.685     0.472       400
          3      0.639     0.540     0.585       400
          4      0.730     0.667     0.697       400

avg / total      0.644     0.536     0.529      1549
             precision    recall  f1-score   support

          1      0.879     0.229     0.364       349
          2      0.369     0.688     0.480       400
          3      0.654     0.547     0.596       400
          4      0.721     0.680     0.700       400

avg / total      0.648     0.546     0.541      1549
             precision    recall  f1-score   support

          1      0.905     0.163     0.277       349
          2      0.351     0.710     0.470       400
          3      0.652     0.520     0.579       400
          4      0.732     0.655     0.691       400

avg / total      0.652     0.524     0.512      1549
             precision    recall  f1-score   support

          1      0.867     0.261     0.401       349
          2      0.375     0.650     0.476       400
          3      0.624     0.578     0.600       400
          4      0.743     0.708     0.725       400

avg / total      0.645     0.558     0.555      1549
             precision    recall  f1-score   support

          1      0.878     0.186     0.307       349
          2      0.353     0.682     0.465       400
          3      0.642     0.532     0.582       400
          4      0.719     0.665     0.691       400

avg / total      0.640     0.527     0.518      1549
             precision    recall  f1-score   support

          1      0.818     0.321     0.461       349
          2      0.392     0.623     0.481       400
          3      0.629     0.603     0.616       400
          4      0.746     0.733     0.739       400

avg / total      0.640     0.578     0.578      1549
             precision    recall  f1-score   support

          1      0.889     0.183     0.304       349
          2      0.354     0.698     0.470       400
          3      0.655     0.527     0.584       400
          4      0.725     0.665     0.694       400

avg / total      0.648     0.529     0.520      1549
             precision    recall  f1-score   support

          1      0.786     0.347     0.481       349
          2      0.383     0.588     0.464       400
          3      0.595     0.578     0.586       400
          4      0.728     0.718     0.723       400

avg / total      0.618     0.564     0.566      1549
             precision    recall  f1-score   support

          1      0.858     0.261     0.400       349
          2      0.376     0.647     0.476       400
          3      0.611     0.580     0.595       400
          4      0.733     0.685     0.708       400

avg / total      0.637     0.553     0.549      1549
             precision    recall  f1-score   support

          1      0.865     0.221     0.352       349
          2      0.369     0.672     0.477       400
          3      0.656     0.557     0.603       400
          4      0.716     0.700     0.708       400

avg / total      0.645     0.548     0.541      1549

Time: 3739.0522846720014
ITERATION NUMBER: 8
============================================
             precision    recall  f1-score   support

          1      0.922     0.135     0.235       349
          2      0.337     0.718     0.458       400
          3      0.687     0.500     0.579       400
          4      0.696     0.618     0.654       400

avg / total      0.652     0.504     0.490      1549
             precision    recall  f1-score   support

          1      0.937     0.169     0.286       349
          2      0.349     0.720     0.470       400
          3      0.687     0.510     0.585       400
          4      0.712     0.647     0.678       400

avg / total      0.662     0.523     0.512      1549
             precision    recall  f1-score   support

          1      0.862     0.232     0.366       349
          2      0.372     0.670     0.478       400
          3      0.637     0.552     0.592       400
          4      0.721     0.698     0.709       400

avg / total      0.641     0.548     0.542      1549
             precision    recall  f1-score   support

          1      0.848     0.255     0.392       349
          2      0.379     0.665     0.483       400
          3      0.634     0.573     0.602       400
          4      0.719     0.685     0.702       400

avg / total      0.638     0.554     0.550      1549
             precision    recall  f1-score   support

          1      0.862     0.215     0.344       349
          2      0.357     0.667     0.466       400
          3      0.650     0.552     0.597       400
          4      0.723     0.677     0.699       400

avg / total      0.641     0.538     0.533      1549
             precision    recall  f1-score   support

          1      0.908     0.198     0.325       349
          2      0.359     0.703     0.475       400
          3      0.686     0.545     0.607       400
          4      0.726     0.675     0.699       400

avg / total      0.662     0.541     0.533      1549
             precision    recall  f1-score   support

          1      0.912     0.178     0.297       349
          2      0.353     0.708     0.471       400
          3      0.671     0.525     0.589       400
          4      0.716     0.655     0.684       400

avg / total      0.655     0.527     0.517      1549
             precision    recall  f1-score   support

          1      0.851     0.246     0.382       349
          2      0.372     0.667     0.478       400
          3      0.671     0.550     0.604       400
          4      0.706     0.710     0.708       400

avg / total      0.644     0.553     0.548      1549
             precision    recall  f1-score   support

          1      0.846     0.252     0.389       349
          2      0.370     0.650     0.472       400
          3      0.629     0.578     0.602       400
          4      0.723     0.680     0.701       400

avg / total      0.636     0.549     0.546      1549
             precision    recall  f1-score   support

          1      0.854     0.252     0.389       349
          2      0.374     0.647     0.474       400
          3      0.641     0.573     0.605       400
          4      0.708     0.703     0.705       400

avg / total      0.638     0.553     0.549      1549

Time: 4046.3105244809994
ITERATION NUMBER: 9
============================================
             precision    recall  f1-score   support

          1      0.881     0.212     0.342       349
          2      0.367     0.690     0.479       400
          3      0.663     0.560     0.607       400
          4      0.723     0.677     0.699       400

avg / total      0.651     0.546     0.538      1549
             precision    recall  f1-score   support

          1      0.913     0.181     0.301       349
          2      0.353     0.725     0.475       400
          3      0.689     0.520     0.593       400
          4      0.722     0.642     0.680       400

avg / total      0.661     0.528     0.519      1549
             precision    recall  f1-score   support

          1      0.869     0.246     0.384       349
          2      0.381     0.682     0.489       400
          3      0.650     0.570     0.607       400
          4      0.739     0.708     0.723       400

avg / total      0.653     0.562     0.556      1549
             precision    recall  f1-score   support

          1      0.906     0.083     0.152       349
          2      0.322     0.765     0.454       400
          3      0.732     0.450     0.557       400
          4      0.677     0.545     0.604       400

avg / total      0.651     0.473     0.451      1549
             precision    recall  f1-score   support

          1      0.860     0.212     0.340       349
          2      0.366     0.695     0.479       400
          3      0.663     0.545     0.598       400
          4      0.725     0.677     0.700       400

avg / total      0.647     0.543     0.536      1549
             precision    recall  f1-score   support

          1      0.811     0.295     0.433       349
          2      0.397     0.632     0.487       400
          3      0.640     0.605     0.622       400
          4      0.722     0.733     0.727       400

avg / total      0.637     0.575     0.572      1549
             precision    recall  f1-score   support

          1      0.932     0.117     0.209       349
          2      0.336     0.743     0.463       400
          3      0.693     0.485     0.571       400
          4      0.707     0.603     0.650       400

avg / total      0.658     0.499     0.482      1549
             precision    recall  f1-score   support

          1      0.838     0.281     0.421       349
          2      0.386     0.672     0.491       400
          3      0.670     0.557     0.608       400
          4      0.720     0.725     0.722       400

avg / total      0.647     0.568     0.565      1549
             precision    recall  f1-score   support

          1      0.930     0.152     0.261       349
          2      0.341     0.725     0.464       400
          3      0.694     0.515     0.591       400
          4      0.715     0.615     0.661       400

avg / total      0.661     0.513     0.502      1549
             precision    recall  f1-score   support

          1      0.838     0.252     0.388       349
          2      0.381     0.675     0.487       400
          3      0.658     0.573     0.612       400
          4      0.721     0.698     0.709       400

avg / total      0.643     0.559     0.554      1549

Time: 3928.1831526250025
ITERATION NUMBER: 10
============================================
             precision    recall  f1-score   support

          1      0.920     0.132     0.231       349
          2      0.342     0.743     0.468       400
          3      0.699     0.500     0.583       400
          4      0.699     0.603     0.647       400

avg / total      0.657     0.506     0.491      1549
             precision    recall  f1-score   support

          1      0.939     0.178     0.299       349
          2      0.357     0.728     0.479       400
          3      0.692     0.522     0.595       400
          4      0.698     0.640     0.668       400

avg / total      0.663     0.528     0.517      1549
             precision    recall  f1-score   support

          1      0.901     0.183     0.305       349
          2      0.353     0.685     0.466       400
          3      0.650     0.542     0.591       400
          4      0.739     0.680     0.708       400

avg / total      0.653     0.534     0.525      1549
             precision    recall  f1-score   support

          1      0.849     0.258     0.396       349
          2      0.367     0.642     0.467       400
          3      0.615     0.555     0.583       400
          4      0.720     0.688     0.703       400

avg / total      0.631     0.545     0.542      1549
             precision    recall  f1-score   support

          1      0.851     0.246     0.382       349
          2      0.366     0.640     0.466       400
          3      0.630     0.557     0.592       400
          4      0.711     0.703     0.707       400

avg / total      0.633     0.546     0.542      1549
             precision    recall  f1-score   support

          1      0.886     0.201     0.327       349
          2      0.368     0.705     0.483       400
          3      0.690     0.557     0.617       400
          4      0.726     0.690     0.708       400

avg / total      0.660     0.549     0.541      1549
             precision    recall  f1-score   support

          1      0.891     0.235     0.372       349
          2      0.367     0.688     0.479       400
          3      0.670     0.547     0.602       400
          4      0.724     0.690     0.707       400

avg / total      0.656     0.550     0.545      1549
             precision    recall  f1-score   support

          1      0.775     0.315     0.448       349
          2      0.387     0.625     0.478       400
          3      0.617     0.555     0.584       400
          4      0.711     0.713     0.712       400

avg / total      0.617     0.560     0.559      1549
             precision    recall  f1-score   support

          1      0.878     0.206     0.334       349
          2      0.356     0.667     0.464       400
          3      0.647     0.555     0.598       400
          4      0.724     0.675     0.699       400

avg / total      0.644     0.536     0.530      1549
             precision    recall  f1-score   support

          1      0.917     0.126     0.222       349
          2      0.333     0.743     0.460       400
          3      0.701     0.480     0.570       400
          4      0.690     0.580     0.630       400

avg / total      0.652     0.494     0.479      1549

Time: 3703.7157396859984