
ITERATION NUMBER: 1
============================================
             precision    recall  f1-score   support

          1      0.706     0.034     0.066       349
          2      0.359     0.347     0.353       400
          3      0.390     0.580     0.466       400
          4      0.515     0.708     0.596       400

avg / total      0.485     0.430     0.380      1549

     IFA  Accuracy
1    1.0    0.0300
2  117.0    0.3475
3  295.0    0.5800
4  268.0    0.7075
Time: 9.567363487000009

ITERATION NUMBER: 2
============================================
             precision    recall  f1-score   support

          1      0.733     0.032     0.060       349
          2      0.347     0.343     0.345       400
          3      0.381     0.557     0.452       400
          4      0.514     0.710     0.596       400

avg / total      0.486     0.423     0.373      1549

     IFA  Accuracy
1    1.0    0.0275
2  127.0    0.3425
3  288.0    0.5575
4  270.0    0.7100
Time: 9.085683426999822

ITERATION NUMBER: 3
============================================
             precision    recall  f1-score   support

          1      0.652     0.043     0.081       349
          2      0.340     0.320     0.329       400
          3      0.374     0.555     0.447       400
          4      0.521     0.723     0.605       400

avg / total      0.466     0.422     0.375      1549

     IFA  Accuracy
1    1.0    0.0375
2  125.0    0.3200
3  302.0    0.5550
4  267.0    0.7225
Time: 9.083306431999517

ITERATION NUMBER: 4
============================================
             precision    recall  f1-score   support

          1      0.800     0.034     0.066       349
          2      0.348     0.347     0.348       400
          3      0.393     0.575     0.467       400
          4      0.527     0.725     0.611       400

avg / total      0.508     0.433     0.383      1549

     IFA  Accuracy
1    1.0    0.0300
2  127.0    0.3475
3  289.0    0.5750
4  261.0    0.7250
Time: 9.11348051099958

ITERATION NUMBER: 5
============================================
             precision    recall  f1-score   support

          1      0.706     0.034     0.066       349
          2      0.332     0.343     0.337       400
          3      0.395     0.562     0.464       400
          4      0.523     0.718     0.605       400

avg / total      0.482     0.427     0.378      1549

     IFA  Accuracy
1    1.0    0.0300
2  134.0    0.3425
3  280.0    0.5625
4  263.0    0.7175
Time: 9.094173582001531

ITERATION NUMBER: 6
============================================
             precision    recall  f1-score   support

          1      0.750     0.052     0.097       349
          2      0.349     0.335     0.342       400
          3      0.392     0.585     0.469       400
          4      0.524     0.713     0.604       400

avg / total      0.496     0.433     0.387      1549

     IFA  Accuracy
1    1.0    0.0450
2  119.0    0.3350
3  293.0    0.5850
4  260.0    0.7125
Time: 9.083841563002352

ITERATION NUMBER: 7
============================================
             precision    recall  f1-score   support

          1      0.706     0.034     0.066       349
          2      0.329     0.328     0.328       400
          3      0.391     0.580     0.467       400
          4      0.520     0.703     0.598       400

avg / total      0.479     0.423     0.374      1549

     IFA  Accuracy
1    1.0    0.0300
2  129.0    0.3275
3  292.0    0.5800
4  260.0    0.7025
Time: 9.071976628998527

ITERATION NUMBER: 8
============================================
             precision    recall  f1-score   support

          1      0.700     0.040     0.076       349
          2      0.345     0.338     0.341       400
          3      0.378     0.562     0.452       400
          4      0.522     0.708     0.601       400

avg / total      0.479     0.424     0.377      1549

     IFA  Accuracy
1    1.0    0.0350
2  120.0    0.3375
3  299.0    0.5625
4  260.0    0.7075
Time: 9.081990446000418

ITERATION NUMBER: 9
============================================
             precision    recall  f1-score   support

          1      0.640     0.046     0.086       349
          2      0.356     0.340     0.348       400
          3      0.382     0.580     0.460       400
          4      0.537     0.718     0.615       400

avg / total      0.473     0.433     0.387      1549

     IFA  Accuracy
1    1.0    0.0400
2  119.0    0.3400
3  305.0    0.5800
4  248.0    0.7175
Time: 9.12689275500452

ITERATION NUMBER: 10
============================================
             precision    recall  f1-score   support

          1      0.750     0.043     0.081       349
          2      0.349     0.335     0.342       400
          3      0.384     0.570     0.459       400
          4      0.509     0.703     0.590       400

avg / total      0.490     0.425     0.378      1549

     IFA  Accuracy
1    1.0    0.0375
2  118.0    0.3350
3  292.0    0.5700
4  272.0    0.7025
Time: 9.287931191000098
