
ITERATION NUMBER: 1
============================================
                       precision         recall       f1-score        support

       Duplicate    0.858(0.898)   0.242(0.898)   0.378(0.898)            400
          Direct    0.382(0.758)   0.681(0.903)   0.483(0.824)            400
        Indirect     0.644(0.84)   0.558(0.773)   0.601(0.805)            400
        Isolated     0.728(0.89)   0.702(0.793)   0.711(0.849)            400

     avg / total    0.653(0.847)   0.546(0.842)   0.543(0.841)           1600

ITERATION NUMBER: 2
============================================
                       precision         recall       f1-score        support

       Duplicate    0.866(0.898)   0.239(0.898)   0.375(0.898)            400
          Direct    0.380(0.758)   0.675(0.903)   0.482(0.824)            400
        Indirect     0.645(0.84)   0.564(0.773)   0.601(0.805)            400
        Isolated     0.720(0.89)   0.695(0.793)   0.707(0.849)            400

     avg / total    0.653(0.847)   0.543(0.842)   0.541(0.841)           1600

ITERATION NUMBER: 3
============================================
                       precision         recall       f1-score        support

       Duplicate    0.863(0.898)   0.242(0.898)   0.378(0.898)            400
          Direct    0.374(0.758)   0.675(0.903)   0.478(0.824)            400
        Indirect     0.645(0.84)   0.567(0.773)   0.602(0.805)            400
        Isolated     0.720(0.89)   0.692(0.793)   0.707(0.849)            400

     avg / total    0.650(0.847)   0.544(0.842)   0.541(0.841)           1600

ITERATION NUMBER: 4
============================================
                       precision         recall       f1-score        support

       Duplicate    0.867(0.898)   0.238(0.898)   0.373(0.898)            400
          Direct    0.366(0.758)   0.680(0.903)   0.476(0.824)            400
        Indirect     0.656(0.84)   0.560(0.773)   0.601(0.805)            400
        Isolated     0.722(0.89)   0.686(0.793)   0.706(0.849)            400

     avg / total    0.653(0.847)   0.541(0.842)   0.539(0.841)           1600

ITERATION NUMBER: 5
============================================
                       precision         recall       f1-score        support

       Duplicate    0.869(0.898)   0.238(0.898)   0.373(0.898)            400
          Direct    0.366(0.758)   0.680(0.903)   0.477(0.824)            400
        Indirect     0.656(0.84)   0.560(0.773)   0.601(0.805)            400
        Isolated     0.721(0.89)   0.686(0.793)   0.706(0.849)            400

     avg / total    0.653(0.847)   0.541(0.842)   0.539(0.841)           1600

ITERATION NUMBER: 6
============================================
                       precision         recall       f1-score        support

       Duplicate    0.873(0.898)   0.226(0.898)   0.359(0.898)            400
          Direct    0.366(0.758)   0.680(0.903)   0.474(0.824)            400
        Indirect     0.657(0.84)   0.557(0.773)   0.599(0.805)            400
        Isolated     0.718(0.89)   0.682(0.793)   0.700(0.849)            400

     avg / total    0.653(0.847)   0.536(0.842)   0.533(0.841)           1600

ITERATION NUMBER: 7
============================================
                       precision         recall       f1-score        support

       Duplicate    0.873(0.898)   0.226(0.898)   0.359(0.898)            400
          Direct    0.366(0.758)   0.680(0.903)   0.474(0.824)            400
        Indirect     0.653(0.84)   0.557(0.773)   0.599(0.805)            400
        Isolated     0.721(0.89)   0.682(0.793)   0.700(0.849)            400

     avg / total    0.653(0.847)   0.536(0.842)   0.533(0.841)           1600

ITERATION NUMBER: 8
============================================
                       precision         recall       f1-score        support

       Duplicate    0.871(0.898)   0.226(0.898)   0.359(0.898)            400
          Direct    0.366(0.758)   0.680(0.903)   0.474(0.824)            400
        Indirect     0.653(0.84)   0.555(0.773)   0.599(0.805)            400
        Isolated     0.720(0.89)   0.681(0.793)   0.700(0.849)            400

     avg / total    0.653(0.847)   0.535(0.842)   0.533(0.841)           1600

ITERATION NUMBER: 9
============================================
                       precision         recall       f1-score        support

       Duplicate    0.871(0.898)   0.222(0.898)   0.353(0.898)            400
          Direct    0.366(0.758)   0.680(0.903)   0.475(0.824)            400
        Indirect     0.655(0.84)   0.555(0.773)   0.599(0.805)            400
        Isolated     0.721(0.89)   0.680(0.793)   0.700(0.849)            400

     avg / total    0.653(0.847)   0.534(0.842)   0.532(0.841)           1600

ITERATION NUMBER: 10
============================================
                       precision         recall       f1-score        support

       Duplicate    0.875(0.898)   0.221(0.898)   0.352(0.898)            400
          Direct    0.366(0.758)   0.681(0.903)   0.474(0.824)            400
        Indirect     0.655(0.84)   0.555(0.773)   0.598(0.805)            400
        Isolated     0.720(0.89)   0.680(0.793)   0.700(0.849)            400

     avg / total    0.654(0.847)   0.534(0.842)   0.531(0.841)           1600
