
ITERATION NUMBER: 1
============================================
             precision    recall  f1-score   support

          1      0.927     0.915     0.921       400
          2      0.917     0.880     0.898       400
          3      0.945     0.995     0.970       400
          4      0.953     0.953     0.953       400

avg / total      0.935     0.936     0.935      1600
             precision    recall  f1-score   support

          1      0.927     0.917     0.922       400
          2      0.899     0.892     0.896       400
          3      0.950     0.995     0.972       400
          4      0.966     0.938     0.952       400

avg / total      0.936     0.936     0.935      1600
             precision    recall  f1-score   support

          1      0.923     0.935     0.929       400
          2      0.932     0.927     0.930       400
          3      0.988     0.990     0.989       400
          4      0.944     0.935     0.940       400

avg / total      0.947     0.947     0.947      1600
             precision    recall  f1-score   support

          1      0.915     0.917     0.916       400
          2      0.916     0.877     0.897       400
          3      0.948     0.998     0.972       400
          4      0.934     0.922     0.928       400

avg / total      0.928     0.929     0.928      1600
             precision    recall  f1-score   support

          1      0.926     0.935     0.930       400
          2      0.920     0.915     0.917       400
          3      0.975     0.990     0.983       400
          4      0.954     0.935     0.944       400

avg / total      0.944     0.944     0.944      1600
             precision    recall  f1-score   support

          1      0.919     0.905     0.912       400
          2      0.910     0.885     0.897       400
          3      0.950     0.995     0.972       400
          4      0.940     0.935     0.937       400

avg / total      0.930     0.930     0.930      1600
             precision    recall  f1-score   support

          1      0.895     0.935     0.914       400
          2      0.929     0.910     0.919       400
          3      0.985     0.990     0.988       400
          4      0.936     0.907     0.921       400

avg / total      0.936     0.936     0.936      1600
             precision    recall  f1-score   support

          1      0.895     0.892     0.894       400
          2      0.908     0.843     0.874       400
          3      0.934     0.990     0.961       400
          4      0.899     0.912     0.906       400

avg / total      0.909     0.909     0.909      1600
             precision    recall  f1-score   support

          1      0.925     0.925     0.925       400
          2      0.923     0.905     0.914       400
          3      0.966     0.988     0.977       400
          4      0.945     0.943     0.944       400

avg / total      0.940     0.940     0.940      1600
             precision    recall  f1-score   support

          1      0.916     0.930     0.923       400
          2      0.921     0.927     0.924       400
          3      0.990     0.988     0.989       400
          4      0.949     0.930     0.939       400

avg / total      0.944     0.944     0.944      1600

Time: 5897.527002679405
ITERATION NUMBER: 2
============================================
             precision    recall  f1-score   support

          1      0.917     0.940     0.928       400
          2      0.936     0.920     0.928       400
          3      0.993     0.998     0.995       400
          4      0.954     0.943     0.948       400

avg / total      0.950     0.950     0.950      1600
             precision    recall  f1-score   support

          1      0.932     0.930     0.931       400
          2      0.915     0.915     0.915       400
          3      0.976     0.998     0.986       400
          4      0.959     0.940     0.949       400

avg / total      0.946     0.946     0.946      1600
             precision    recall  f1-score   support

          1      0.919     0.932     0.926       400
          2      0.929     0.882     0.905       400
          3      0.954     0.995     0.974       400
          4      0.942     0.935     0.939       400

avg / total      0.936     0.936     0.936      1600
             precision    recall  f1-score   support

          1      0.912     0.930     0.921       400
          2      0.922     0.917     0.920       400
          3      0.983     0.988     0.985       400
          4      0.936     0.917     0.927       400

avg / total      0.938     0.938     0.938      1600
             precision    recall  f1-score   support

          1      0.901     0.890     0.896       400
          2      0.905     0.855     0.879       400
          3      0.936     0.990     0.962       400
          4      0.906     0.915     0.910       400

avg / total      0.912     0.912     0.912      1600
             precision    recall  f1-score   support

          1      0.936     0.910     0.923       400
          2      0.896     0.882     0.889       400
          3      0.952     0.993     0.972       400
          4      0.932     0.932     0.932       400

avg / total      0.929     0.929     0.929      1600
             precision    recall  f1-score   support

          1      0.878     0.897     0.888       400
          2      0.920     0.865     0.892       400
          3      0.943     0.993     0.967       400
          4      0.909     0.895     0.902       400

avg / total      0.912     0.912     0.912      1600
             precision    recall  f1-score   support

          1      0.919     0.930     0.924       400
          2      0.909     0.900     0.905       400
          3      0.952     0.998     0.974       400
          4      0.968     0.920     0.944       400

avg / total      0.937     0.937     0.937      1600
             precision    recall  f1-score   support

          1      0.925     0.925     0.925       400
          2      0.917     0.917     0.917       400
          3      0.978     0.985     0.981       400
          4      0.947     0.940     0.944       400

avg / total      0.942     0.942     0.942      1600
             precision    recall  f1-score   support

          1      0.909     0.927     0.918       400
          2      0.915     0.915     0.915       400
          3      0.980     0.995     0.988       400
          4      0.956     0.922     0.939       400

avg / total      0.940     0.940     0.940      1600

Time: 5581.363983993641
ITERATION NUMBER: 3
============================================
             precision    recall  f1-score   support

          1      0.926     0.910     0.918       400
          2      0.899     0.870     0.884       400
          3      0.941     0.990     0.965       400
          4      0.942     0.940     0.941       400

avg / total      0.927     0.927     0.927      1600
             precision    recall  f1-score   support

          1      0.901     0.823     0.860       400
          2      0.846     0.838     0.842       400
          3      0.934     0.990     0.961       400
          4      0.880     0.912     0.896       400

avg / total      0.890     0.891     0.890      1600
             precision    recall  f1-score   support

          1      0.904     0.945     0.924       400
          2      0.944     0.922     0.933       400
          3      0.988     0.988     0.988       400
          4      0.949     0.927     0.938       400

avg / total      0.946     0.946     0.946      1600
             precision    recall  f1-score   support

          1      0.914     0.932     0.923       400
          2      0.927     0.917     0.922       400
          3      0.983     0.988     0.985       400
          4      0.937     0.922     0.929       400

avg / total      0.940     0.940     0.940      1600
             precision    recall  f1-score   support

          1      0.915     0.940     0.927       400
          2      0.930     0.892     0.911       400
          3      0.959     0.993     0.975       400
          4      0.951     0.930     0.941       400

avg / total      0.939     0.939     0.938      1600
             precision    recall  f1-score   support

          1      0.895     0.940     0.917       400
          2      0.946     0.925     0.936       400
          3      0.990     0.990     0.990       400
          4      0.949     0.922     0.935       400

avg / total      0.945     0.944     0.944      1600
             precision    recall  f1-score   support

          1      0.892     0.930     0.911       400
          2      0.930     0.902     0.916       400
          3      0.975     0.995     0.985       400
          4      0.933     0.902     0.917       400

avg / total      0.933     0.932     0.932      1600
             precision    recall  f1-score   support

          1      0.922     0.940     0.931       400
          2      0.917     0.938     0.927       400
          3      0.990     0.990     0.990       400
          4      0.958     0.917     0.937       400

avg / total      0.947     0.946     0.946      1600
             precision    recall  f1-score   support

          1      0.917     0.882     0.899       400
          2      0.888     0.850     0.868       400
          3      0.943     0.988     0.965       400
          4      0.903     0.932     0.918       400

avg / total      0.913     0.913     0.912      1600
             precision    recall  f1-score   support

          1      0.917     0.912     0.915       400
          2      0.903     0.885     0.894       400
          3      0.948     0.995     0.971       400
          4      0.951     0.927     0.939       400

avg / total      0.930     0.930     0.930      1600

Time: 5432.371624067864
ITERATION NUMBER: 4
============================================
             precision    recall  f1-score   support

          1      0.911     0.943     0.926       400
          2      0.945     0.902     0.923       400
          3      0.973     0.998     0.985       400
          4      0.954     0.940     0.947       400

avg / total      0.946     0.946     0.945      1600
             precision    recall  f1-score   support

          1      0.914     0.935     0.925       400
          2      0.934     0.920     0.927       400
          3      0.985     1.000     0.993       400
          4      0.951     0.930     0.941       400

avg / total      0.946     0.946     0.946      1600
             precision    recall  f1-score   support

          1      0.926     0.938     0.932       400
          2      0.930     0.930     0.930       400
          3      0.990     0.990     0.990       400
          4      0.949     0.938     0.943       400

avg / total      0.949     0.949     0.949      1600
             precision    recall  f1-score   support

          1      0.914     0.925     0.919       400
          2      0.918     0.890     0.904       400
          3      0.957     0.995     0.975       400
          4      0.949     0.927     0.938       400

avg / total      0.934     0.934     0.934      1600
             precision    recall  f1-score   support

          1      0.923     0.895     0.909       400
          2      0.894     0.860     0.876       400
          3      0.938     0.990     0.964       400
          4      0.923     0.935     0.929       400

avg / total      0.920     0.920     0.919      1600
             precision    recall  f1-score   support

          1      0.922     0.885     0.903       400
          2      0.895     0.855     0.875       400
          3      0.943     0.993     0.967       400
          4      0.906     0.935     0.920       400

avg / total      0.916     0.917     0.916      1600
             precision    recall  f1-score   support

          1      0.901     0.935     0.918       400
          2      0.922     0.910     0.916       400
          3      0.983     0.988     0.985       400
          4      0.936     0.907     0.921       400

avg / total      0.935     0.935     0.935      1600
             precision    recall  f1-score   support

          1      0.926     0.907     0.917       400
          2      0.907     0.875     0.891       400
          3      0.934     0.993     0.962       400
          4      0.937     0.930     0.934       400

avg / total      0.926     0.926     0.926      1600
             precision    recall  f1-score   support

          1      0.927     0.927     0.927       400
          2      0.925     0.920     0.922       400
          3      0.983     0.983     0.983       400
          4      0.935     0.940     0.938       400

avg / total      0.942     0.943     0.942      1600
             precision    recall  f1-score   support

          1      0.923     0.927     0.925       400
          2      0.918     0.920     0.919       400
          3      0.975     0.995     0.985       400
          4      0.951     0.925     0.938       400

avg / total      0.942     0.942     0.942      1600

Time: 5658.177419029475
ITERATION NUMBER: 5
============================================
             precision    recall  f1-score   support

          1      0.904     0.945     0.924       400
          2      0.953     0.922     0.938       400
          3      0.993     0.998     0.995       400
          4      0.952     0.935     0.943       400

avg / total      0.950     0.950     0.950      1600
             precision    recall  f1-score   support

          1      0.935     0.927     0.931       400
          2      0.909     0.902     0.906       400
          3      0.959     0.995     0.977       400
          4      0.959     0.938     0.948       400

avg / total      0.940     0.941     0.940      1600
             precision    recall  f1-score   support

          1      0.913     0.945     0.929       400
          2      0.941     0.925     0.933       400
          3      0.988     0.990     0.989       400
          4      0.946     0.927     0.937       400

avg / total      0.947     0.947     0.947      1600
             precision    recall  f1-score   support

          1      0.914     0.932     0.923       400
          2      0.925     0.920     0.922       400
          3      0.983     0.985     0.984       400
          4      0.939     0.922     0.931       400

avg / total      0.940     0.940     0.940      1600
             precision    recall  f1-score   support

          1      0.929     0.910     0.919       400
          2      0.898     0.863     0.880       400
          3      0.941     0.990     0.965       400
          4      0.931     0.938     0.934       400

avg / total      0.925     0.925     0.924      1600
             precision    recall  f1-score   support

          1      0.934     0.912     0.923       400
          2      0.908     0.885     0.896       400
          3      0.952     0.995     0.973       400
          4      0.938     0.940     0.939       400

avg / total      0.933     0.933     0.933      1600
             precision    recall  f1-score   support

          1      0.853     0.917     0.884       400
          2      0.941     0.870     0.904       400
          3      0.954     0.995     0.974       400
          4      0.927     0.887     0.907       400

avg / total      0.919     0.917     0.917      1600
             precision    recall  f1-score   support

          1      0.914     0.935     0.925       400
          2      0.921     0.932     0.927       400
          3      0.983     0.993     0.988       400
          4      0.961     0.917     0.939       400

avg / total      0.945     0.944     0.944      1600
             precision    recall  f1-score   support

          1      0.927     0.925     0.926       400
          2      0.922     0.912     0.917       400
          3      0.968     0.988     0.978       400
          4      0.952     0.945     0.949       400

avg / total      0.942     0.943     0.942      1600
             precision    recall  f1-score   support

          1      0.918     0.927     0.923       400
          2      0.920     0.917     0.919       400
          3      0.976     0.998     0.986       400
          4      0.956     0.927     0.942       400

avg / total      0.942     0.943     0.942      1600

Time: 5703.845965868815
ITERATION NUMBER: 6
============================================
             precision    recall  f1-score   support

          1      0.922     0.917     0.920       400
          2      0.913     0.865     0.888       400
          3      0.943     0.993     0.967       400
          4      0.940     0.945     0.943       400

avg / total      0.930     0.930     0.929      1600
             precision    recall  f1-score   support

          1      0.935     0.927     0.931       400
          2      0.906     0.895     0.901       400
          3      0.952     0.995     0.973       400
          4      0.962     0.938     0.949       400

avg / total      0.939     0.939     0.939      1600
             precision    recall  f1-score   support

          1      0.917     0.943     0.930       400
          2      0.937     0.925     0.931       400
          3      0.988     0.990     0.989       400
          4      0.947     0.930     0.938       400

avg / total      0.947     0.947     0.947      1600
             precision    recall  f1-score   support

          1      0.913     0.892     0.903       400
          2      0.896     0.858     0.876       400
          3      0.936     0.993     0.964       400
          4      0.923     0.927     0.925       400

avg / total      0.917     0.917     0.917      1600
             precision    recall  f1-score   support

          1      0.895     0.853     0.873       400
          2      0.867     0.833     0.849       400
          3      0.936     0.990     0.962       400
          4      0.891     0.917     0.904       400

avg / total      0.897     0.898     0.897      1600
             precision    recall  f1-score   support

          1      0.887     0.840     0.863       400
          2      0.840     0.812     0.826       400
          3      0.943     0.993     0.967       400
          4      0.881     0.910     0.895       400

avg / total      0.888     0.889     0.888      1600
             precision    recall  f1-score   support

          1      0.910     0.940     0.925       400
          2      0.922     0.917     0.920       400
          3      0.988     0.988     0.988       400
          4      0.938     0.912     0.925       400

avg / total      0.940     0.939     0.939      1600
             precision    recall  f1-score   support

          1      0.908     0.943     0.925       400
          2      0.926     0.935     0.930       400
          3      0.992     0.980     0.986       400
          4      0.953     0.920     0.936       400

avg / total      0.945     0.944     0.945      1600
             precision    recall  f1-score   support

          1      0.912     0.930     0.921       400
          2      0.927     0.920     0.923       400
          3      0.990     0.985     0.987       400
          4      0.940     0.932     0.936       400

avg / total      0.942     0.942     0.942      1600
             precision    recall  f1-score   support

          1      0.919     0.882     0.901       400
          2      0.886     0.858     0.872       400
          3      0.941     0.993     0.966       400
          4      0.912     0.927     0.919       400

avg / total      0.914     0.915     0.914      1600

Time: 5551.943206587428
ITERATION NUMBER: 7
============================================
             precision    recall  f1-score   support

          1      0.928     0.932     0.930       400
          2      0.925     0.897     0.911       400
          3      0.957     0.998     0.977       400
          4      0.962     0.945     0.953       400

avg / total      0.943     0.943     0.943      1600
             precision    recall  f1-score   support

          1      0.926     0.935     0.930       400
          2      0.914     0.905     0.910       400
          3      0.964     0.993     0.978       400
          4      0.969     0.940     0.954       400

avg / total      0.943     0.943     0.943      1600
             precision    recall  f1-score   support

          1      0.915     0.943     0.929       400
          2      0.937     0.925     0.931       400
          3      0.990     0.990     0.990       400
          4      0.947     0.930     0.938       400

avg / total      0.947     0.947     0.947      1600
             precision    recall  f1-score   support

          1      0.891     0.940     0.915       400
          2      0.957     0.882     0.918       400
          3      0.968     0.983     0.975       400
          4      0.921     0.927     0.924       400

avg / total      0.934     0.933     0.933      1600
             precision    recall  f1-score   support

          1      0.927     0.948     0.937       400
          2      0.928     0.932     0.930       400
          3      0.992     0.988     0.990       400
          4      0.954     0.932     0.943       400

avg / total      0.950     0.950     0.950      1600
             precision    recall  f1-score   support

          1      0.923     0.930     0.927       400
          2      0.912     0.932     0.922       400
          3      0.990     0.988     0.989       400
          4      0.956     0.930     0.943       400

avg / total      0.945     0.945     0.945      1600
             precision    recall  f1-score   support

          1      0.910     0.930     0.920       400
          2      0.917     0.912     0.915       400
          3      0.980     0.990     0.985       400
          4      0.938     0.912     0.925       400

avg / total      0.936     0.936     0.936      1600
             precision    recall  f1-score   support

          1      0.914     0.935     0.925       400
          2      0.925     0.892     0.908       400
          3      0.950     0.995     0.972       400
          4      0.951     0.917     0.934       400

avg / total      0.935     0.935     0.935      1600
             precision    recall  f1-score   support

          1      0.921     0.900     0.910       400
          2      0.902     0.875     0.888       400
          3      0.947     0.990     0.968       400
          4      0.931     0.938     0.934       400

avg / total      0.925     0.926     0.925      1600
             precision    recall  f1-score   support

          1      0.914     0.930     0.922       400
          2      0.918     0.922     0.920       400
          3      0.987     0.985     0.986       400
          4      0.946     0.927     0.937       400

avg / total      0.941     0.941     0.941      1600

Time: 5837.1506472722685
ITERATION NUMBER: 8
============================================
             precision    recall  f1-score   support

          1      0.926     0.912     0.919       400
          2      0.916     0.877     0.897       400
          3      0.945     0.995     0.970       400
          4      0.945     0.950     0.948       400

avg / total      0.933     0.934     0.933      1600
             precision    recall  f1-score   support

          1      0.931     0.938     0.934       400
          2      0.914     0.930     0.922       400
          3      0.995     0.993     0.994       400
          4      0.962     0.940     0.951       400

avg / total      0.950     0.950     0.950      1600
             precision    recall  f1-score   support

          1      0.908     0.935     0.921       400
          2      0.926     0.907     0.917       400
          3      0.983     0.995     0.989       400
          4      0.951     0.930     0.941       400

avg / total      0.942     0.942     0.942      1600
             precision    recall  f1-score   support

          1      0.898     0.905     0.902       400
          2      0.919     0.855     0.886       400
          3      0.939     0.993     0.965       400
          4      0.910     0.915     0.913       400

avg / total      0.917     0.917     0.916      1600
             precision    recall  f1-score   support

          1      0.920     0.943     0.931       400
          2      0.926     0.912     0.919       400
          3      0.983     0.990     0.986       400
          4      0.952     0.935     0.943       400

avg / total      0.945     0.945     0.945      1600
             precision    recall  f1-score   support

          1      0.921     0.932     0.927       400
          2      0.920     0.925     0.923       400
          3      0.990     0.990     0.990       400
          4      0.952     0.935     0.943       400

avg / total      0.946     0.946     0.946      1600
             precision    recall  f1-score   support

          1      0.910     0.932     0.921       400
          2      0.917     0.917     0.917       400
          3      0.988     0.988     0.988       400
          4      0.936     0.912     0.924       400

avg / total      0.938     0.938     0.938      1600
             precision    recall  f1-score   support

          1      0.890     0.912     0.901       400
          2      0.926     0.873     0.898       400
          3      0.943     0.990     0.966       400
          4      0.926     0.910     0.918       400

avg / total      0.921     0.921     0.921      1600
             precision    recall  f1-score   support

          1      0.918     0.922     0.920       400
          2      0.921     0.897     0.909       400
          3      0.963     0.988     0.975       400
          4      0.942     0.938     0.940       400

avg / total      0.936     0.936     0.936      1600
             precision    recall  f1-score   support

          1      0.912     0.932     0.922       400
          2      0.925     0.922     0.924       400
          3      0.988     0.990     0.989       400
          4      0.946     0.925     0.936       400

avg / total      0.943     0.943     0.943      1600

Time: 6625.290377675468
ITERATION NUMBER: 9
============================================
             precision    recall  f1-score   support

          1      0.923     0.925     0.924       400
          2      0.921     0.875     0.897       400
          3      0.948     0.995     0.971       400
          4      0.945     0.943     0.944       400

avg / total      0.934     0.934     0.934      1600
             precision    recall  f1-score   support

          1      0.926     0.938     0.932       400
          2      0.932     0.925     0.928       400
          3      0.988     0.998     0.993       400
          4      0.954     0.940     0.947       400

avg / total      0.950     0.950     0.950      1600
             precision    recall  f1-score   support

          1      0.916     0.930     0.923       400
          2      0.926     0.907     0.917       400
          3      0.971     0.998     0.984       400
          4      0.954     0.932     0.943       400

avg / total      0.942     0.942     0.942      1600
             precision    recall  f1-score   support

          1      0.920     0.922     0.921       400
          2      0.919     0.907     0.913       400
          3      0.971     0.998     0.984       400
          4      0.939     0.922     0.931       400

avg / total      0.937     0.938     0.937      1600
             precision    recall  f1-score   support

          1      0.913     0.940     0.926       400
          2      0.927     0.885     0.905       400
          3      0.954     0.993     0.973       400
          4      0.949     0.925     0.937       400

avg / total      0.936     0.936     0.935      1600
             precision    recall  f1-score   support

          1      0.900     0.940     0.919       400
          2      0.946     0.925     0.936       400
          3      0.993     0.993     0.993       400
          4      0.949     0.927     0.938       400

avg / total      0.947     0.946     0.946      1600
             precision    recall  f1-score   support

          1      0.914     0.930     0.922       400
          2      0.911     0.920     0.915       400
          3      0.985     0.985     0.985       400
          4      0.938     0.912     0.925       400

avg / total      0.937     0.937     0.937      1600
             precision    recall  f1-score   support

          1      0.902     0.943     0.922       400
          2      0.933     0.935     0.934       400
          3      0.990     0.985     0.987       400
          4      0.956     0.915     0.935       400

avg / total      0.945     0.944     0.944      1600
             precision    recall  f1-score   support

          1      0.903     0.927     0.915       400
          2      0.931     0.917     0.924       400
          3      0.990     0.983     0.986       400
          4      0.932     0.927     0.930       400

avg / total      0.939     0.939     0.939      1600
             precision    recall  f1-score   support

          1      0.914     0.930     0.922       400
          2      0.911     0.920     0.915       400
          3      0.990     0.983     0.986       400
          4      0.949     0.930     0.939       400

avg / total      0.941     0.941     0.941      1600

Time: 5078.267111688838
ITERATION NUMBER: 10
============================================
             precision    recall  f1-score   support

          1      0.890     0.870     0.880       400
          2      0.889     0.838     0.862       400
          3      0.938     0.988     0.962       400
          4      0.905     0.930     0.917       400

avg / total      0.905     0.906     0.905      1600
             precision    recall  f1-score   support

          1      0.925     0.927     0.926       400
          2      0.913     0.917     0.915       400
          3      0.975     0.995     0.985       400
          4      0.961     0.935     0.948       400

avg / total      0.944     0.944     0.944      1600
             precision    recall  f1-score   support

          1      0.915     0.938     0.926       400
          2      0.937     0.922     0.929       400
          3      0.990     0.990     0.990       400
          4      0.939     0.930     0.935       400

avg / total      0.945     0.945     0.945      1600
             precision    recall  f1-score   support

          1      0.904     0.938     0.920       400
          2      0.933     0.902     0.917       400
          3      0.968     0.998     0.983       400
          4      0.946     0.912     0.929       400

avg / total      0.938     0.938     0.937      1600
             precision    recall  f1-score   support

          1      0.926     0.910     0.918       400
          2      0.906     0.873     0.889       400
          3      0.945     0.990     0.967       400
          4      0.926     0.932     0.929       400

avg / total      0.926     0.926     0.926      1600
             precision    recall  f1-score   support

          1      0.930     0.902     0.916       400
          2      0.894     0.865     0.879       400
          3      0.945     0.993     0.968       400
          4      0.919     0.930     0.924       400

avg / total      0.922     0.922     0.922      1600
             precision    recall  f1-score   support

          1      0.890     0.935     0.912       400
          2      0.919     0.910     0.915       400
          3      0.988     0.990     0.989       400
          4      0.940     0.900     0.920       400

avg / total      0.934     0.934     0.934      1600
             precision    recall  f1-score   support

          1      0.913     0.920     0.917       400
          2      0.917     0.887     0.902       400
          3      0.941     0.993     0.966       400
          4      0.946     0.917     0.931       400

avg / total      0.929     0.929     0.929      1600
             precision    recall  f1-score   support

          1      0.914     0.907     0.911       400
          2      0.908     0.887     0.898       400
          3      0.954     0.988     0.971       400
          4      0.940     0.935     0.937       400

avg / total      0.929     0.929     0.929      1600
             precision    recall  f1-score   support

          1      0.924     0.912     0.918       400
          2      0.894     0.885     0.889       400
          3      0.943     0.993     0.967       400
          4      0.948     0.920     0.934       400

avg / total      0.927     0.927     0.927      1600

Time: 6898.149500624117