
ITERATION NUMBER: 1
============================================
                       precision         recall       f1-score        support

       Duplicate    0.899(0.898)   0.936(0.898)   0.920(0.898)            400
          Direct    0.931(0.758)   0.915(0.903)   0.920(0.824)            400
        Indirect     0.985(0.84)   0.992(0.773)   0.987(0.805)            400
        Isolated     0.954(0.89)   0.923(0.793)   0.940(0.849)            400

     avg / total    0.942(0.847)   0.941(0.842)   0.942(0.841)           1600

ITERATION NUMBER: 2
============================================
                       precision         recall       f1-score        support

       Duplicate    0.903(0.898)   0.935(0.898)   0.919(0.898)            400
          Direct    0.925(0.758)   0.915(0.903)   0.917(0.824)            400
        Indirect     0.985(0.84)   0.990(0.773)   0.986(0.805)            400
        Isolated     0.950(0.89)   0.925(0.793)   0.938(0.849)            400

     avg / total    0.941(0.847)   0.941(0.842)   0.940(0.841)           1600

ITERATION NUMBER: 3
============================================
                       precision         recall       f1-score        support

       Duplicate    0.903(0.898)   0.935(0.898)   0.920(0.898)            400
          Direct    0.930(0.758)   0.915(0.903)   0.923(0.824)            400
        Indirect     0.985(0.84)   0.990(0.773)   0.986(0.805)            400
        Isolated     0.949(0.89)   0.925(0.793)   0.938(0.849)            400

     avg / total    0.942(0.847)   0.941(0.842)   0.942(0.841)           1600

ITERATION NUMBER: 4
============================================
                       precision         recall       f1-score        support

       Duplicate    0.903(0.898)   0.935(0.898)   0.920(0.898)            400
          Direct    0.930(0.758)   0.917(0.903)   0.923(0.824)            400
        Indirect     0.985(0.84)   0.990(0.773)   0.986(0.805)            400
        Isolated     0.949(0.89)   0.925(0.793)   0.938(0.849)            400

     avg / total    0.942(0.847)   0.942(0.842)   0.942(0.841)           1600

ITERATION NUMBER: 5
============================================
                       precision         recall       f1-score        support

       Duplicate    0.907(0.898)   0.935(0.898)   0.921(0.898)            400
          Direct    0.929(0.758)   0.920(0.903)   0.923(0.824)            400
        Indirect     0.985(0.84)   0.990(0.773)   0.986(0.805)            400
        Isolated     0.949(0.89)   0.925(0.793)   0.938(0.849)            400

     avg / total    0.942(0.847)   0.943(0.842)   0.942(0.841)           1600

ITERATION NUMBER: 6
============================================
                       precision         recall       f1-score        support

       Duplicate    0.908(0.898)   0.935(0.898)   0.920(0.898)            400
          Direct    0.925(0.758)   0.917(0.903)   0.921(0.824)            400
        Indirect     0.985(0.84)   0.990(0.773)   0.986(0.805)            400
        Isolated     0.949(0.89)   0.926(0.793)   0.938(0.849)            400

     avg / total    0.942(0.847)   0.942(0.842)   0.941(0.841)           1600

ITERATION NUMBER: 7
============================================
                       precision         recall       f1-score        support

       Duplicate    0.907(0.898)   0.935(0.898)   0.921(0.898)            400
          Direct    0.927(0.758)   0.919(0.903)   0.922(0.824)            400
        Indirect     0.985(0.84)   0.990(0.773)   0.986(0.805)            400
        Isolated     0.949(0.89)   0.925(0.793)   0.938(0.849)            400

     avg / total    0.942(0.847)   0.942(0.842)   0.942(0.841)           1600

ITERATION NUMBER: 8
============================================
                       precision         recall       f1-score        support

       Duplicate    0.907(0.898)   0.935(0.898)   0.920(0.898)            400
          Direct    0.927(0.758)   0.917(0.903)   0.922(0.824)            400
        Indirect     0.985(0.84)   0.990(0.773)   0.986(0.805)            400
        Isolated     0.949(0.89)   0.925(0.793)   0.938(0.849)            400

     avg / total    0.942(0.847)   0.942(0.842)   0.941(0.841)           1600

ITERATION NUMBER: 9
============================================
                       precision         recall       f1-score        support

       Duplicate    0.906(0.898)   0.935(0.898)   0.920(0.898)            400
          Direct    0.926(0.758)   0.917(0.903)   0.923(0.824)            400
        Indirect     0.985(0.84)   0.990(0.773)   0.986(0.805)            400
        Isolated     0.949(0.89)   0.925(0.793)   0.938(0.849)            400

     avg / total    0.942(0.847)   0.942(0.842)   0.942(0.841)           1600

ITERATION NUMBER: 10
============================================
                       precision         recall       f1-score        support

       Duplicate    0.908(0.898)   0.935(0.898)   0.920(0.898)            400
          Direct    0.925(0.758)   0.915(0.903)   0.921(0.824)            400
        Indirect     0.985(0.84)   0.990(0.773)   0.986(0.805)            400
        Isolated     0.949(0.89)   0.925(0.793)   0.937(0.849)            400

     avg / total    0.942(0.847)   0.941(0.842)   0.941(0.841)           1600
