
ITERATION NUMBER: 1
============================================
             precision    recall  f1-score   support

          1      0.892     0.950     0.920       400
          2      0.948     0.915     0.931       400
          3      0.985     0.995     0.990       400
          4      0.964     0.925     0.944       400

avg / total      0.947     0.946     0.946      1600
             precision    recall  f1-score   support

          1      0.899     0.938     0.918       400
          2      0.941     0.920     0.930       400
          3      0.985     0.993     0.989       400
          4      0.954     0.927     0.940       400

avg / total      0.945     0.944     0.944      1600
             precision    recall  f1-score   support

          1      0.898     0.945     0.921       400
          2      0.934     0.920     0.927       400
          3      0.985     0.990     0.988       400
          4      0.953     0.912     0.932       400

avg / total      0.942     0.942     0.942      1600
             precision    recall  f1-score   support

          1      0.898     0.945     0.921       400
          2      0.946     0.915     0.930       400
          3      0.983     0.995     0.989       400
          4      0.943     0.912     0.928       400

avg / total      0.942     0.942     0.942      1600
             precision    recall  f1-score   support

          1      0.903     0.935     0.919       400
          2      0.921     0.902     0.912       400
          3      0.973     0.990     0.981       400
          4      0.961     0.930     0.945       400

avg / total      0.940     0.939     0.939      1600
             precision    recall  f1-score   support

          1      0.924     0.915     0.920       400
          2      0.909     0.897     0.903       400
          3      0.957     0.995     0.975       400
          4      0.957     0.940     0.948       400

avg / total      0.937     0.937     0.937      1600
             precision    recall  f1-score   support

          1      0.890     0.932     0.911       400
          2      0.933     0.905     0.919       400
          3      0.985     0.993     0.989       400
          4      0.931     0.907     0.919       400

avg / total      0.935     0.934     0.934      1600
             precision    recall  f1-score   support

          1      0.910     0.938     0.924       400
          2      0.910     0.930     0.920       400
          3      0.990     0.983     0.986       400
          4      0.963     0.920     0.941       400

avg / total      0.943     0.943     0.943      1600
             precision    recall  f1-score   support

          1      0.930     0.932     0.931       400
          2      0.916     0.925     0.920       400
          3      0.990     0.978     0.984       400
          4      0.940     0.940     0.940       400

avg / total      0.944     0.944     0.944      1600
             precision    recall  f1-score   support

          1      0.860     0.935     0.896       400
          2      0.930     0.900     0.915       400
          3      0.983     0.988     0.985       400
          4      0.949     0.892     0.920       400

avg / total      0.931     0.929     0.929      1600

Time: 1167.0090790468812
ITERATION NUMBER: 2
============================================
             precision    recall  f1-score   support

          1      0.894     0.932     0.913       400
          2      0.921     0.907     0.914       400
          3      0.983     0.985     0.984       400
          4      0.964     0.935     0.949       400

avg / total      0.941     0.940     0.940      1600
             precision    recall  f1-score   support

          1      0.930     0.925     0.927       400
          2      0.904     0.892     0.898       400
          3      0.954     0.995     0.974       400
          4      0.964     0.940     0.952       400

avg / total      0.938     0.938     0.938      1600
             precision    recall  f1-score   support

          1      0.904     0.943     0.923       400
          2      0.946     0.922     0.934       400
          3      0.985     0.993     0.989       400
          4      0.949     0.925     0.937       400

avg / total      0.946     0.946     0.946      1600
             precision    recall  f1-score   support

          1      0.667     0.667     0.667       400
          2      0.602     0.620     0.611       400
          3      0.948     0.995     0.971       400
          4      0.620     0.570     0.594       400

avg / total      0.709     0.713     0.711      1600
             precision    recall  f1-score   support

          1      0.924     0.948     0.936       400
          2      0.932     0.932     0.932       400
          3      0.990     0.990     0.990       400
          4      0.951     0.927     0.939       400

avg / total      0.950     0.949     0.949      1600
             precision    recall  f1-score   support

          1      0.903     0.935     0.919       400
          2      0.937     0.930     0.934       400
          3      0.992     0.988     0.990       400
          4      0.949     0.927     0.938       400

avg / total      0.945     0.945     0.945      1600
             precision    recall  f1-score   support

          1      0.903     0.935     0.919       400
          2      0.915     0.915     0.915       400
          3      0.988     0.988     0.988       400
          4      0.938     0.905     0.921       400

avg / total      0.936     0.936     0.936      1600
             precision    recall  f1-score   support

          1      0.931     0.882     0.906       400
          2      0.873     0.863     0.868       400
          3      0.936     0.990     0.962       400
          4      0.918     0.925     0.922       400

avg / total      0.915     0.915     0.915      1600
             precision    recall  f1-score   support

          1      0.878     0.932     0.904       400
          2      0.928     0.905     0.916       400
          3      0.985     0.983     0.984       400
          4      0.938     0.905     0.921       400

avg / total      0.932     0.931     0.931      1600
             precision    recall  f1-score   support

          1      0.908     0.932     0.920       400
          2      0.904     0.920     0.912       400
          3      0.990     0.983     0.986       400
          4      0.956     0.920     0.938       400

avg / total      0.939     0.939     0.939      1600

Time: 975.2508929876458
ITERATION NUMBER: 3
============================================
             precision    recall  f1-score   support

          1      0.869     0.948     0.907       400
          2      0.953     0.910     0.931       400
          3      0.988     0.990     0.989       400
          4      0.955     0.910     0.932       400

avg / total      0.941     0.939     0.940      1600
             precision    recall  f1-score   support

          1      0.921     0.932     0.927       400
          2      0.930     0.927     0.929       400
          3      0.988     0.998     0.993       400
          4      0.954     0.935     0.944       400

avg / total      0.948     0.948     0.948      1600
             precision    recall  f1-score   support

          1      0.919     0.938     0.928       400
          2      0.930     0.930     0.930       400
          3      0.990     0.988     0.989       400
          4      0.947     0.930     0.938       400

avg / total      0.946     0.946     0.946      1600
             precision    recall  f1-score   support

          1      0.881     0.948     0.913       400
          2      0.948     0.907     0.927       400
          3      0.982     0.980     0.981       400
          4      0.941     0.912     0.926       400

avg / total      0.938     0.937     0.937      1600
             precision    recall  f1-score   support

          1      0.903     0.950     0.926       400
          2      0.944     0.925     0.934       400
          3      0.990     0.990     0.990       400
          4      0.946     0.915     0.930       400

avg / total      0.946     0.945     0.945      1600
             precision    recall  f1-score   support

          1      0.907     0.925     0.916       400
          2      0.938     0.912     0.925       400
          3      0.973     0.998     0.985       400
          4      0.947     0.930     0.938       400

avg / total      0.941     0.941     0.941      1600
             precision    recall  f1-score   support

          1      0.892     0.930     0.911       400
          2      0.914     0.905     0.910       400
          3      0.985     0.980     0.982       400
          4      0.949     0.922     0.935       400

avg / total      0.935     0.934     0.935      1600
             precision    recall  f1-score   support

          1      0.898     0.943     0.920       400
          2      0.937     0.930     0.934       400
          3      0.987     0.985     0.986       400
          4      0.951     0.912     0.931       400

avg / total      0.943     0.943     0.943      1600
             precision    recall  f1-score   support

          1      0.930     0.927     0.929       400
          2      0.929     0.920     0.925       400
          3      0.978     0.988     0.983       400
          4      0.940     0.943     0.941       400

avg / total      0.944     0.944     0.944      1600
             precision    recall  f1-score   support

          1      0.908     0.938     0.923       400
          2      0.913     0.922     0.918       400
          3      0.985     0.978     0.981       400
          4      0.959     0.925     0.941       400

avg / total      0.941     0.941     0.941      1600

Time: 838.2279709954637
ITERATION NUMBER: 4
============================================
             precision    recall  f1-score   support

          1      0.919     0.935     0.927       400
          2      0.924     0.912     0.918       400
          3      0.973     0.995     0.984       400
          4      0.967     0.940     0.953       400

avg / total      0.946     0.946     0.946      1600
             precision    recall  f1-score   support

          1      0.930     0.932     0.931       400
          2      0.917     0.915     0.916       400
          3      0.971     0.998     0.984       400
          4      0.964     0.938     0.951       400

avg / total      0.946     0.946     0.946      1600
             precision    recall  f1-score   support

          1      0.906     0.943     0.924       400
          2      0.939     0.922     0.931       400
          3      0.988     0.990     0.989       400
          4      0.949     0.925     0.937       400

avg / total      0.945     0.945     0.945      1600
             precision    recall  f1-score   support

          1      0.900     0.940     0.919       400
          2      0.941     0.917     0.929       400
          3      0.980     0.995     0.988       400
          4      0.943     0.910     0.926       400

avg / total      0.941     0.941     0.941      1600
             precision    recall  f1-score   support

          1      0.903     0.930     0.916       400
          2      0.920     0.917     0.919       400
          3      0.990     0.980     0.985       400
          4      0.954     0.938     0.946       400

avg / total      0.942     0.941     0.941      1600
             precision    recall  f1-score   support

          1      0.899     0.938     0.918       400
          2      0.944     0.922     0.933       400
          3      0.988     0.990     0.989       400
          4      0.946     0.925     0.936       400

avg / total      0.944     0.944     0.944      1600
             precision    recall  f1-score   support

          1      0.859     0.932     0.894       400
          2      0.945     0.900     0.922       400
          3      0.980     0.990     0.985       400
          4      0.929     0.885     0.907       400

avg / total      0.928     0.927     0.927      1600
             precision    recall  f1-score   support

          1      0.902     0.943     0.922       400
          2      0.932     0.932     0.932       400
          3      0.990     0.985     0.987       400
          4      0.953     0.915     0.934       400

avg / total      0.944     0.944     0.944      1600
             precision    recall  f1-score   support

          1      0.928     0.930     0.929       400
          2      0.919     0.930     0.924       400
          3      0.992     0.978     0.985       400
          4      0.940     0.940     0.940       400

avg / total      0.945     0.944     0.944      1600
             precision    recall  f1-score   support

          1      0.918     0.927     0.923       400
          2      0.918     0.920     0.919       400
          3      0.980     0.995     0.988       400
          4      0.954     0.927     0.940       400

avg / total      0.943     0.943     0.942      1600

Time: 851.192566110105
ITERATION NUMBER: 5
============================================
             precision    recall  f1-score   support

          1      0.915     0.948     0.931       400
          2      0.946     0.925     0.936       400
          3      0.993     0.995     0.994       400
          4      0.954     0.940     0.947       400

avg / total      0.952     0.952     0.952      1600
             precision    recall  f1-score   support

          1      0.937     0.895     0.916       400
          2      0.875     0.877     0.876       400
          3      0.943     0.990     0.966       400
          4      0.935     0.927     0.931       400

avg / total      0.922     0.922     0.922      1600
             precision    recall  f1-score   support

          1      0.926     0.938     0.932       400
          2      0.925     0.930     0.928       400
          3      0.992     0.988     0.990       400
          4      0.947     0.935     0.941       400

avg / total      0.948     0.948     0.948      1600
             precision    recall  f1-score   support

          1      0.915     0.917     0.916       400
          2      0.916     0.905     0.911       400
          3      0.971     0.998     0.984       400
          4      0.941     0.925     0.933       400

avg / total      0.936     0.936     0.936      1600
             precision    recall  f1-score   support

          1      0.916     0.950     0.933       400
          2      0.930     0.927     0.929       400
          3      0.995     0.988     0.991       400
          4      0.961     0.935     0.948       400

avg / total      0.950     0.950     0.950      1600
             precision    recall  f1-score   support

          1      0.923     0.932     0.928       400
          2      0.925     0.922     0.924       400
          3      0.985     0.993     0.989       400
          4      0.952     0.938     0.945       400

avg / total      0.946     0.946     0.946      1600
             precision    recall  f1-score   support

          1      0.874     0.932     0.902       400
          2      0.943     0.902     0.922       400
          3      0.983     0.993     0.988       400
          4      0.927     0.895     0.911       400

avg / total      0.932     0.931     0.931      1600
             precision    recall  f1-score   support

          1      0.921     0.938     0.929       400
          2      0.919     0.930     0.924       400
          3      0.985     0.990     0.988       400
          4      0.953     0.920     0.936       400

avg / total      0.945     0.944     0.944      1600
             precision    recall  f1-score   support

          1      0.926     0.935     0.930       400
          2      0.925     0.920     0.922       400
          3      0.982     0.978     0.980       400
          4      0.943     0.943     0.943       400

avg / total      0.944     0.944     0.944      1600
             precision    recall  f1-score   support

          1      0.912     0.938     0.925       400
          2      0.920     0.920     0.920       400
          3      0.988     0.990     0.989       400
          4      0.961     0.932     0.947       400

avg / total      0.945     0.945     0.945      1600

Time: 769.7243358730702
ITERATION NUMBER: 6
============================================
             precision    recall  f1-score   support

          1      0.917     0.938     0.927       400
          2      0.921     0.907     0.914       400
          3      0.973     0.993     0.983       400
          4      0.967     0.940     0.953       400

avg / total      0.944     0.944     0.944      1600
             precision    recall  f1-score   support

          1      0.936     0.880     0.907       400
          2      0.869     0.882     0.876       400
          3      0.939     0.993     0.965       400
          4      0.944     0.932     0.938       400

avg / total      0.922     0.922     0.922      1600
             precision    recall  f1-score   support

          1      0.870     0.940     0.904       400
          2      0.943     0.907     0.925       400
          3      0.983     0.990     0.986       400
          4      0.950     0.902     0.926       400

avg / total      0.936     0.935     0.935      1600
             precision    recall  f1-score   support

          1      0.916     0.930     0.923       400
          2      0.922     0.915     0.918       400
          3      0.983     0.985     0.984       400
          4      0.934     0.925     0.930       400

avg / total      0.939     0.939     0.939      1600
             precision    recall  f1-score   support

          1      0.870     0.950     0.908       400
          2      0.958     0.917     0.937       400
          3      0.995     0.978     0.986       400
          4      0.943     0.912     0.928       400

avg / total      0.941     0.939     0.940      1600
             precision    recall  f1-score   support

          1      0.912     0.938     0.925       400
          2      0.907     0.922     0.914       400
          3      0.992     0.975     0.984       400
          4      0.961     0.935     0.948       400

avg / total      0.943     0.943     0.943      1600
             precision    recall  f1-score   support

          1      0.891     0.938     0.914       400
          2      0.928     0.905     0.916       400
          3      0.983     0.990     0.986       400
          4      0.938     0.905     0.921       400

avg / total      0.935     0.934     0.934      1600
             precision    recall  f1-score   support

          1      0.939     0.887     0.913       400
          2      0.871     0.863     0.867       400
          3      0.936     0.988     0.961       400
          4      0.921     0.930     0.925       400

avg / total      0.917     0.917     0.916      1600
             precision    recall  f1-score   support

          1      0.920     0.925     0.923       400
          2      0.915     0.915     0.915       400
          3      0.978     0.985     0.981       400
          4      0.952     0.940     0.946       400

avg / total      0.941     0.941     0.941      1600
             precision    recall  f1-score   support

          1      0.911     0.925     0.918       400
          2      0.898     0.920     0.909       400
          3      0.982     0.978     0.980       400
          4      0.961     0.927     0.944       400

avg / total      0.938     0.938     0.938      1600

Time: 818.0919509192172
ITERATION NUMBER: 7
============================================
             precision    recall  f1-score   support

          1      0.902     0.945     0.923       400
          2      0.951     0.920     0.935       400
          3      0.993     0.995     0.994       400
          4      0.952     0.935     0.943       400

avg / total      0.949     0.949     0.949      1600
             precision    recall  f1-score   support

          1      0.921     0.938     0.929       400
          2      0.929     0.922     0.926       400
          3      0.983     0.995     0.989       400
          4      0.959     0.938     0.948       400

avg / total      0.948     0.948     0.948      1600
             precision    recall  f1-score   support

          1      0.902     0.943     0.922       400
          2      0.937     0.922     0.929       400
          3      0.985     0.990     0.988       400
          4      0.951     0.917     0.934       400

avg / total      0.944     0.943     0.943      1600
             precision    recall  f1-score   support

          1      0.904     0.940     0.922       400
          2      0.934     0.920     0.927       400
          3      0.983     0.988     0.985       400
          4      0.943     0.915     0.929       400

avg / total      0.941     0.941     0.941      1600
             precision    recall  f1-score   support

          1      0.910     0.930     0.920       400
          2      0.923     0.932     0.928       400
          3      0.990     0.980     0.985       400
          4      0.959     0.938     0.948       400

avg / total      0.945     0.945     0.945      1600
             precision    recall  f1-score   support

          1      0.895     0.938     0.916       400
          2      0.946     0.925     0.936       400
          3      0.993     0.993     0.993       400
          4      0.949     0.925     0.937       400

avg / total      0.946     0.945     0.945      1600
             precision    recall  f1-score   support

          1      0.914     0.932     0.923       400
          2      0.911     0.920     0.915       400
          3      0.990     0.985     0.987       400
          4      0.938     0.915     0.927       400

avg / total      0.938     0.938     0.938      1600
             precision    recall  f1-score   support

          1      0.872     0.950     0.909       400
          2      0.948     0.915     0.931       400
          3      0.990     0.983     0.986       400
          4      0.950     0.905     0.927       400

avg / total      0.940     0.938     0.938      1600
             precision    recall  f1-score   support

          1      0.894     0.925     0.909       400
          2      0.927     0.915     0.921       400
          3      0.990     0.983     0.986       400
          4      0.937     0.922     0.929       400

avg / total      0.937     0.936     0.936      1600
             precision    recall  f1-score   support

          1      0.920     0.925     0.923       400
          2      0.917     0.915     0.916       400
          3      0.975     0.995     0.985       400
          4      0.949     0.927     0.938       400

avg / total      0.941     0.941     0.941      1600

Time: 802.3349996301695
ITERATION NUMBER: 8
============================================
             precision    recall  f1-score   support

          1      0.900     0.945     0.922       400
          2      0.953     0.912     0.932       400
          3      0.990     1.000     0.995       400
          4      0.947     0.930     0.938       400

avg / total      0.947     0.947     0.947      1600
             precision    recall  f1-score   support

          1      0.930     0.935     0.933       400
          2      0.919     0.907     0.913       400
          3      0.964     0.995     0.979       400
          4      0.962     0.938     0.949       400

avg / total      0.944     0.944     0.944      1600
             precision    recall  f1-score   support

          1      0.917     0.940     0.928       400
          2      0.939     0.927     0.933       400
          3      0.990     0.990     0.990       400
          4      0.944     0.932     0.938       400

avg / total      0.948     0.948     0.948      1600
             precision    recall  f1-score   support

          1      0.899     0.938     0.918       400
          2      0.936     0.912     0.924       400
          3      0.983     0.990     0.986       400
          4      0.938     0.915     0.927       400

avg / total      0.939     0.939     0.939      1600
             precision    recall  f1-score   support

          1      0.911     0.925     0.918       400
          2      0.912     0.927     0.919       400
          3      0.990     0.980     0.985       400
          4      0.951     0.930     0.941       400

avg / total      0.941     0.941     0.941      1600
             precision    recall  f1-score   support

          1      0.895     0.938     0.916       400
          2      0.946     0.925     0.936       400
          3      0.993     0.993     0.993       400
          4      0.949     0.925     0.937       400

avg / total      0.946     0.945     0.945      1600
             precision    recall  f1-score   support

          1      0.906     0.940     0.923       400
          2      0.924     0.915     0.920       400
          3      0.988     0.988     0.988       400
          4      0.938     0.912     0.925       400

avg / total      0.939     0.939     0.939      1600
             precision    recall  f1-score   support

          1      0.924     0.907     0.916       400
          2      0.889     0.877     0.883       400
          3      0.941     0.990     0.965       400
          4      0.944     0.922     0.933       400

avg / total      0.924     0.924     0.924      1600
             precision    recall  f1-score   support

          1      0.868     0.935     0.900       400
          2      0.933     0.902     0.917       400
          3      0.985     0.980     0.982       400
          4      0.938     0.900     0.918       400

avg / total      0.931     0.929     0.930      1600
             precision    recall  f1-score   support

          1      0.916     0.925     0.920       400
          2      0.917     0.912     0.915       400
          3      0.975     0.995     0.985       400
          4      0.951     0.927     0.939       400

avg / total      0.940     0.940     0.940      1600

Time: 769.3006447772495
ITERATION NUMBER: 9
============================================
             precision    recall  f1-score   support

          1      0.883     0.948     0.914       400
          2      0.951     0.917     0.934       400
          3      0.990     0.993     0.991       400
          4      0.961     0.922     0.941       400

avg / total      0.946     0.945     0.945      1600
             precision    recall  f1-score   support

          1      0.878     0.935     0.906       400
          2      0.951     0.912     0.931       400
          3      0.987     0.983     0.985       400
          4      0.939     0.920     0.929       400

avg / total      0.939     0.938     0.938      1600
             precision    recall  f1-score   support

          1      0.926     0.938     0.932       400
          2      0.923     0.932     0.928       400
          3      0.992     0.988     0.990       400
          4      0.949     0.932     0.941       400

avg / total      0.948     0.948     0.948      1600
             precision    recall  f1-score   support

          1      0.902     0.920     0.911       400
          2      0.912     0.902     0.907       400
          3      0.977     0.973     0.975       400
          4      0.937     0.932     0.935       400

avg / total      0.932     0.932     0.932      1600
             precision    recall  f1-score   support

          1      0.906     0.935     0.920       400
          2      0.923     0.927     0.925       400
          3      0.987     0.980     0.984       400
          4      0.959     0.930     0.944       400

avg / total      0.944     0.943     0.943      1600
             precision    recall  f1-score   support

          1      0.923     0.932     0.928       400
          2      0.923     0.927     0.925       400
          3      0.992     0.988     0.990       400
          4      0.947     0.938     0.942       400

avg / total      0.946     0.946     0.946      1600
             precision    recall  f1-score   support

          1      0.878     0.932     0.904       400
          2      0.940     0.902     0.921       400
          3      0.983     0.993     0.988       400
          4      0.928     0.897     0.912       400

avg / total      0.932     0.931     0.931      1600
             precision    recall  f1-score   support

          1      0.917     0.943     0.930       400
          2      0.913     0.940     0.926       400
          3      0.992     0.978     0.985       400
          4      0.958     0.917     0.937       400

avg / total      0.945     0.944     0.945      1600
             precision    recall  f1-score   support

          1      0.894     0.930     0.912       400
          2      0.934     0.912     0.923       400
          3      0.985     0.985     0.985       400
          4      0.939     0.922     0.931       400

avg / total      0.938     0.938     0.938      1600
             precision    recall  f1-score   support

          1      0.906     0.935     0.920       400
          2      0.906     0.920     0.913       400
          3      0.982     0.978     0.980       400
          4      0.966     0.925     0.945       400

avg / total      0.940     0.939     0.940      1600

Time: 1110.2695281436609
ITERATION NUMBER: 10
============================================
             precision    recall  f1-score   support

          1      0.914     0.935     0.925       400
          2      0.923     0.905     0.914       400
          3      0.978     0.995     0.986       400
          4      0.962     0.943     0.952       400

avg / total      0.944     0.944     0.944      1600
             precision    recall  f1-score   support

          1      0.926     0.845     0.884       400
          2      0.841     0.848     0.844       400
          3      0.939     0.993     0.965       400
          4      0.900     0.920     0.910       400

avg / total      0.901     0.901     0.901      1600
             precision    recall  f1-score   support

          1      0.914     0.932     0.923       400
          2      0.935     0.897     0.916       400
          3      0.966     0.995     0.980       400
          4      0.939     0.930     0.935       400

avg / total      0.939     0.939     0.939      1600
             precision    recall  f1-score   support

          1      0.894     0.945     0.919       400
          2      0.943     0.912     0.928       400
          3      0.983     0.995     0.989       400
          4      0.940     0.905     0.922       400

avg / total      0.940     0.939     0.939      1600
             precision    recall  f1-score   support

          1      0.913     0.940     0.926       400
          2      0.924     0.907     0.916       400
          3      0.971     0.990     0.980       400
          4      0.959     0.927     0.943       400

avg / total      0.941     0.941     0.941      1600
             precision    recall  f1-score   support

          1      0.893     0.938     0.915       400
          2      0.944     0.925     0.934       400
          3      0.992     0.990     0.991       400
          4      0.949     0.922     0.935       400

avg / total      0.944     0.944     0.944      1600
             precision    recall  f1-score   support

          1      0.925     0.927     0.926       400
          2      0.901     0.907     0.904       400
          3      0.975     0.993     0.984       400
          4      0.946     0.920     0.933       400

avg / total      0.937     0.937     0.937      1600
             precision    recall  f1-score   support

          1      0.927     0.915     0.921       400
          2      0.891     0.882     0.887       400
          3      0.941     0.990     0.965       400
          4      0.951     0.922     0.937       400

avg / total      0.927     0.927     0.927      1600
             precision    recall  f1-score   support

          1      0.911     0.897     0.904       400
          2      0.900     0.875     0.887       400
          3      0.952     0.990     0.971       400
          4      0.930     0.932     0.931       400

avg / total      0.923     0.924     0.923      1600
             precision    recall  f1-score   support

          1      0.927     0.885     0.905       400
          2      0.879     0.850     0.864       400
          3      0.941     0.995     0.967       400
          4      0.917     0.935     0.926       400

avg / total      0.916     0.916     0.916      1600

Time: 882.4641447721224