
ITERATION NUMBER: 1
============================================
                       precision         recall       f1-score        support

       Duplicate    0.921(0.898)   0.921(0.898)   0.921(0.898)            400
          Direct    0.919(0.758)   0.899(0.903)   0.906(0.824)            400
        Indirect     0.958(0.84)   0.990(0.773)   0.974(0.805)            400
        Isolated     0.944(0.89)   0.935(0.793)   0.940(0.849)            400

     avg / total    0.935(0.847)   0.936(0.842)   0.935(0.841)           1600

ITERATION NUMBER: 2
============================================
                       precision         recall       f1-score        support

       Duplicate    0.919(0.898)   0.926(0.898)   0.923(0.898)            400
          Direct    0.917(0.758)   0.903(0.903)   0.909(0.824)            400
        Indirect     0.960(0.84)   0.993(0.773)   0.976(0.805)            400
        Isolated     0.944(0.89)   0.933(0.793)   0.939(0.849)            400

     avg / total    0.935(0.847)   0.939(0.842)   0.937(0.841)           1600

ITERATION NUMBER: 3
============================================
                       precision         recall       f1-score        support

       Duplicate    0.917(0.898)   0.929(0.898)   0.921(0.898)            400
          Direct    0.917(0.758)   0.901(0.903)   0.913(0.824)            400
        Indirect     0.962(0.84)   0.990(0.773)   0.976(0.805)            400
        Isolated     0.944(0.89)   0.929(0.793)   0.938(0.849)            400

     avg / total    0.935(0.847)   0.937(0.842)   0.937(0.841)           1600

ITERATION NUMBER: 4
============================================
                       precision         recall       f1-score        support

       Duplicate    0.917(0.898)   0.927(0.898)   0.921(0.898)            400
          Direct    0.918(0.758)   0.902(0.903)   0.915(0.824)            400
        Indirect     0.970(0.84)   0.992(0.773)   0.979(0.805)            400
        Isolated     0.944(0.89)   0.930(0.793)   0.938(0.849)            400

     avg / total    0.937(0.847)   0.938(0.842)   0.938(0.841)           1600

ITERATION NUMBER: 5
============================================
                       precision         recall       f1-score        support

       Duplicate    0.917(0.898)   0.927(0.898)   0.923(0.898)            400
          Direct    0.920(0.758)   0.903(0.903)   0.915(0.824)            400
        Indirect     0.970(0.84)   0.993(0.773)   0.980(0.805)            400
        Isolated     0.946(0.89)   0.930(0.793)   0.938(0.849)            400

     avg / total    0.938(0.847)   0.938(0.842)   0.939(0.841)           1600

ITERATION NUMBER: 6
============================================
                       precision         recall       f1-score        support

       Duplicate    0.917(0.898)   0.927(0.898)   0.923(0.898)            400
          Direct    0.919(0.758)   0.902(0.903)   0.915(0.824)            400
        Indirect     0.967(0.84)   0.993(0.773)   0.978(0.805)            400
        Isolated     0.943(0.89)   0.930(0.793)   0.938(0.849)            400

     avg / total    0.937(0.847)   0.938(0.842)   0.938(0.841)           1600

ITERATION NUMBER: 7
============================================
                       precision         recall       f1-score        support

       Duplicate    0.917(0.898)   0.930(0.898)   0.923(0.898)            400
          Direct    0.919(0.758)   0.903(0.903)   0.915(0.824)            400
        Indirect     0.968(0.84)   0.990(0.773)   0.978(0.805)            400
        Isolated     0.946(0.89)   0.930(0.793)   0.938(0.849)            400

     avg / total    0.937(0.847)   0.938(0.842)   0.939(0.841)           1600

ITERATION NUMBER: 8
============================================
                       precision         recall       f1-score        support

       Duplicate    0.917(0.898)   0.930(0.898)   0.923(0.898)            400
          Direct    0.920(0.758)   0.905(0.903)   0.915(0.824)            400
        Indirect     0.970(0.84)   0.990(0.773)   0.980(0.805)            400
        Isolated     0.946(0.89)   0.930(0.793)   0.938(0.849)            400

     avg / total    0.938(0.847)   0.939(0.842)   0.939(0.841)           1600

ITERATION NUMBER: 9
============================================
                       precision         recall       f1-score        support

       Duplicate    0.916(0.898)   0.930(0.898)   0.922(0.898)            400
          Direct    0.920(0.758)   0.907(0.903)   0.915(0.824)            400
        Indirect     0.974(0.84)   0.990(0.773)   0.984(0.805)            400
        Isolated     0.946(0.89)   0.930(0.793)   0.938(0.849)            400

     avg / total    0.939(0.847)   0.939(0.842)   0.940(0.841)           1600

ITERATION NUMBER: 10
============================================
                       precision         recall       f1-score        support

       Duplicate    0.915(0.898)   0.930(0.898)   0.922(0.898)            400
          Direct    0.919(0.758)   0.906(0.903)   0.915(0.824)            400
        Indirect     0.971(0.84)   0.990(0.773)   0.983(0.805)            400
        Isolated     0.946(0.89)   0.930(0.793)   0.937(0.849)            400

     avg / total    0.938(0.847)   0.939(0.842)   0.939(0.841)           1600
