
ITERATION NUMBER: 1
============================================
             precision    recall  f1-score   support

          1      0.734     0.530     0.615       400
          2      0.510     0.497     0.504       400
          3      0.789     0.970     0.870       400
          4      0.597     0.640     0.618       400

avg / total      0.657     0.659     0.652      1600

   IFA  Accuracy
1  1.0    0.5300
2  1.0    0.4975
3  1.0    0.9700
4  2.0    0.6400
Time: 12.642987910293897

ITERATION NUMBER: 2
============================================
             precision    recall  f1-score   support

          1      0.737     0.532     0.618       400
          2      0.513     0.495     0.504       400
          3      0.785     0.970     0.868       400
          4      0.601     0.647     0.623       400

avg / total      0.659     0.661     0.653      1600

   IFA  Accuracy
1  1.0    0.5325
2  1.0    0.4950
3  1.0    0.9700
4  2.0    0.6475
Time: 12.538560114268876

ITERATION NUMBER: 3
============================================
             precision    recall  f1-score   support

          1      0.731     0.537     0.620       400
          2      0.510     0.495     0.503       400
          3      0.790     0.970     0.871       400
          4      0.597     0.637     0.617       400

avg / total      0.657     0.660     0.652      1600

   IFA  Accuracy
1  1.0    0.5375
2  1.0    0.4950
3  1.0    0.9700
4  2.0    0.6375
Time: 12.47076418791221

ITERATION NUMBER: 4
============================================
             precision    recall  f1-score   support

          1      0.735     0.540     0.622       400
          2      0.522     0.502     0.512       400
          3      0.792     0.970     0.872       400
          4      0.603     0.650     0.626       400

avg / total      0.663     0.666     0.658      1600

   IFA  Accuracy
1  1.0    0.5400
2  1.0    0.5025
3  1.0    0.9700
4  2.0    0.6500
Time: 12.451049625447922

ITERATION NUMBER: 5
============================================
             precision    recall  f1-score   support

          1      0.735     0.535     0.619       400
          2      0.509     0.495     0.502       400
          3      0.790     0.970     0.871       400
          4      0.599     0.642     0.620       400

avg / total      0.658     0.661     0.653      1600

   IFA  Accuracy
1  1.0    0.5350
2  1.0    0.4950
3  1.0    0.9700
4  2.0    0.6425
Time: 12.442088074611092

ITERATION NUMBER: 6
============================================
             precision    recall  f1-score   support

          1      0.728     0.535     0.617       400
          2      0.526     0.497     0.512       400
          3      0.787     0.970     0.869       400
          4      0.595     0.647     0.620       400

avg / total      0.659     0.662     0.654      1600

   IFA  Accuracy
1  1.0    0.5350
2  1.0    0.4975
3  1.0    0.9700
4  2.0    0.6475
Time: 12.461561628617346

ITERATION NUMBER: 7
============================================
             precision    recall  f1-score   support

          1      0.742     0.552     0.633       400
          2      0.516     0.497     0.506       400
          3      0.790     0.970     0.871       400
          4      0.602     0.640     0.621       400

avg / total      0.662     0.665     0.658      1600

   IFA  Accuracy
1  1.0    0.5525
2  1.0    0.4975
3  1.0    0.9700
4  2.0    0.6400
Time: 12.42141089393408

ITERATION NUMBER: 8
============================================
             precision    recall  f1-score   support

          1      0.729     0.545     0.624       400
          2      0.518     0.505     0.511       400
          3      0.785     0.970     0.868       400
          4      0.609     0.635     0.622       400

avg / total      0.660     0.664     0.656      1600

   IFA  Accuracy
1  1.0     0.545
2  1.0     0.505
3  1.0     0.970
4  2.0     0.635
Time: 14.108649867797794

ITERATION NUMBER: 9
============================================
             precision    recall  f1-score   support

          1      0.739     0.545     0.627       400
          2      0.524     0.500     0.512       400
          3      0.789     0.970     0.870       400
          4      0.606     0.652     0.628       400

avg / total      0.664     0.667     0.659      1600

   IFA  Accuracy
1  1.0    0.5450
2  1.0    0.5000
3  1.0    0.9700
4  2.0    0.6525
Time: 12.498196683423885

ITERATION NUMBER: 10
============================================
             precision    recall  f1-score   support

          1      0.738     0.535     0.620       400
          2      0.517     0.505     0.511       400
          3      0.790     0.970     0.871       400
          4      0.605     0.647     0.626       400

avg / total      0.662     0.664     0.657      1600

   IFA  Accuracy
1  1.0    0.5350
2  1.0    0.5050
3  1.0    0.9700
4  2.0    0.6475
Time: 13.525770740445296
